1

0.352	38.785	1	0

0.563	38.727	0	0

0.876	38.670	0	0
1

8.052	38.979	1	0

8.203	38.914	0	0

8.380	38.842	0	0

8.619	38.747	0	0
1

19.891	38.889	1	0

20.040	38.912	0	0

20.221	38.833	0	0

20.479	38.730	0	0
1

32.391	38.968	1	0

32.547	38.897	0	0

32.746	38.783	0	0

32.985	38.750	0	0
1

44.736	38.938	1	0

44.900	38.920	0	0

45.082	38.834	0	0

45.336	38.734	0	0
1

56.994	38.979	1	0

57.146	38.913	0	0

57.327	38.833	0	0

57.600	38.702	0	0
1

69.444	38.959	1	0

69.606	38.873	0	0

69.797	38.841	0	0

70.041	38.746	0	0
1

81.933	38.973	1	0

82.086	38.908	0	0

82.272	38.823	0	0

82.587	38.748	0	0
1

94.175	38.968	1	0

94.331	38.896	0	0

94.538	38.752	0	0

94.769	38.751	0	0
1

106.627	38.988	1	0

106.780	38.910	0	0

106.962	38.832	0	0

107.228	38.719	0	0
1

119.121	38.961	1	0

119.282	38.880	0	0

119.483	38.840	0	0

119.732	38.742	0	0
1

131.352	38.935	1	0

131.511	38.921	0	0

131.690	38.838	0	0

131.938	38.741	0	0
1

143.884	38.966	1	0

144.041	38.893	0	0

144.250	38.748	0	0

144.486	38.746	0	0
1

156.118	38.952	1	0

156.291	38.887	0	0

156.467	38.837	0	0

156.715	38.742	0	0
1

168.557	38.974	1	0

168.710	38.908	0	0

168.896	38.821	0	0

169.205	38.745	0	0
1

181.059	38.935	1	0

181.219	38.919	0	0

181.400	38.835	0	0

181.653	38.735	0	0
1

193.287	38.980	1	0

193.439	38.913	0	0

193.620	38.834	0	0

193.890	38.710	0	0
1

205.744	38.959	1	0

205.906	38.875	0	0

206.099	38.841	0	0

206.344	38.745	0	0
1

218.233	38.973	1	0

218.386	38.908	0	0

218.571	38.824	0	0

218.888	38.749	0	0
1

230.493	38.968	1	0

230.650	38.895	0	0

230.860	38.812	0	0

231.097	38.748	0	0
1

242.995	38.978	1	0

243.148	38.911	0	0

243.330	38.831	0	0

243.604	38.705	0	0
1

255.211	38.972	1	0

255.366	38.904	0	0

255.555	38.812	0	0

255.848	38.742	0	0
1

267.646	38.938	1	0

267.808	38.921	0	0

267.989	38.836	0	0

268.239	38.738	0	0
1

280.080	38.971	1	0

280.235	38.904	0	0

280.425	38.810	0	0

280.711	38.744	0	0
1

292.478	38.942	1	0

292.646	38.923	0	0

292.828	38.833	0	0

293.083	38.734	0	0
1

304.732	38.980	1	0

304.884	38.913	0	0

305.065	38.834	0	0

305.333	38.713	0	0
1

317.183	38.961	1	0

317.344	38.878	0	0

317.541	38.841	0	0

317.787	38.745	0	0
1

329.674	38.974	1	0

329.827	38.909	0	0

330.012	38.825	0	0

330.327	38.754	0	0
1

341.918	38.969	1	0

342.074	38.898	0	0

342.274	38.760	0	0

342.495	38.757	0	0
1

354.370	38.990	1	0

354.522	38.909	0	0

354.704	38.831	0	0

354.970	38.721	0	0
1

366.862	38.962	1	0

367.022	38.884	0	0

367.229	38.843	0	0

367.478	38.741	0	0
1

379.095	38.940	1	0

379.258	38.923	0	0

379.437	38.838	0	0

379.686	38.740	0	0
1

391.623	38.967	1	0

391.780	38.896	0	0

391.981	38.763	0	0

392.207	38.753	0	0
1

403.835	38.956	1	0

404.000	38.851	0	0

404.173	38.843	0	0

404.417	38.747	0	0
1

416.281	38.974	1	0

416.434	38.909	0	0

416.619	38.825	0	0

416.932	38.753	0	0
1

428.782	38.943	1	0

428.951	38.924	0	0

429.132	38.833	0	0

429.386	38.735	0	0
1

441.007	38.985	1	0

441.159	38.913	0	0

441.340	38.835	0	0

441.603	38.721	0	0
1

453.518	38.958	1	0

453.681	38.870	0	0

453.869	38.840	0	0

454.114	38.745	0	0
1

465.802	38.974	1	0

465.954	38.908	0	0

466.137	38.829	0	0

466.405	38.720	0	0
1

478.065	38.975	1	0

478.218	38.909	0	0

478.404	38.823	0	0

478.707	38.748	0	0
1

490.526	38.943	1	0

490.694	38.924	0	0

490.875	38.834	0	0

491.127	38.737	0	0
1

503.025	38.969	1	0

503.180	38.900	0	0

503.374	38.800	0	0

503.643	38.745	0	0
1

515.257	38.960	1	0

515.419	38.873	0	0

515.606	38.843	0	0

515.848	38.749	0	0
1

527.786	38.972	1	0

527.940	38.906	0	0

528.128	38.817	0	0

528.435	38.741	0	0
1

540.034	38.966	1	0

540.193	38.890	0	0

540.402	38.850	0	0

540.647	38.745	0	0
1

552.486	38.979	1	0

552.639	38.911	0	0

552.820	38.832	0	0

553.092	38.710	0	0
1

564.983	38.956	1	0

565.147	38.864	0	0

565.329	38.841	0	0

565.574	38.745	0	0
1

577.210	38.898	1	0

577.356	38.918	0	0

577.535	38.839	0	0

577.784	38.739	0	0
1

589.656	38.969	1	0

589.812	38.898	0	0

590.010	38.785	0	0

590.248	38.752	0	0
1

602.143	38.988	1	0

602.296	38.909	0	0

602.479	38.830	0	0

602.747	38.717	0	0
1

614.375	38.975	1	0

614.528	38.909	0	0

614.714	38.822	0	0

615.016	38.748	0	0
1

626.905	38.912	1	0

627.053	38.918	0	0

627.233	38.837	0	0

627.484	38.737	0	0
1

639.107	38.979	1	0

639.259	38.913	0	0

639.440	38.834	0	0

639.711	38.706	0	0
1

651.623	38.952	1	0

651.794	38.824	0	0

651.968	38.838	0	0

652.215	38.742	0	0
1

663.893	38.986	1	0

664.046	38.909	0	0

664.229	38.830	0	0

664.500	38.715	0	0
1

676.166	38.973	1	0

676.320	38.906	0	0

676.508	38.815	0	0

676.795	38.747	0	0
1

688.624	38.930	1	0

688.779	38.919	0	0

688.959	38.837	0	0

689.209	38.738	0	0
1

701.113	38.968	1	0

701.270	38.897	0	0

701.469	38.778	0	0

701.703	38.751	0	0
1

713.337	38.957	1	0

713.502	38.846	0	0

713.674	38.845	0	0

713.913	38.751	0	0
1

725.852	38.972	1	0

726.006	38.905	0	0

726.195	38.816	0	0

726.495	38.742	0	0
1

738.077	38.965	1	0

738.236	38.889	0	0

738.447	38.848	0	0

738.696	38.741	0	0
1

750.468	38.991	1	0

750.620	38.910	0	0

750.802	38.832	0	0

751.065	38.722	0	0
1

762.907	38.966	1	0

763.065	38.892	0	0

763.278	38.840	0	0

763.524	38.743	0	0
1

775.360	38.983	1	0

775.513	38.909	0	0

775.696	38.830	0	0

775.966	38.714	0	0
1

787.603	38.974	1	0

787.757	38.907	0	0

787.944	38.817	0	0

788.236	38.746	0	0
1

800.055	38.937	1	0

800.216	38.920	0	0

800.396	38.836	0	0

800.647	38.737	0	0
1

812.548	38.968	1	0

812.704	38.898	0	0

812.901	38.791	0	0

813.152	38.748	0	0
1

824.775	38.958	1	0

824.938	38.865	0	0

825.117	38.845	0	0

825.357	38.750	0	0
1

837.221	38.975	1	0

837.374	38.910	0	0

837.558	38.826	0	0

837.870	38.757	0	0
1

849.725	38.944	1	0

849.896	38.925	0	0

850.077	38.833	0	0

850.332	38.735	0	0
1

861.961	38.984	1	0

862.113	38.913	0	0

862.294	38.834	0	0

862.558	38.720	0	0
1

874.482	38.957	1	0

874.646	38.865	0	0

874.828	38.841	0	0

875.072	38.746	0	0
1

886.691	38.918	1	0

886.839	38.921	0	0

887.017	38.840	0	0

887.263	38.742	0	0
1

899.196	38.967	1	0

899.353	38.894	0	0

899.563	38.778	0	0

899.799	38.746	0	0
1

911.457	38.945	1	0

911.629	38.924	0	0

911.811	38.832	0	0

912.067	38.733	0	0
1

923.741	38.979	1	0

923.893	38.913	0	0

924.074	38.834	0	0

924.344	38.709	0	0
1

936.195	38.960	1	0

936.357	38.875	0	0

936.550	38.840	0	0

936.795	38.745	0	0
1

948.686	38.973	1	0

948.839	38.908	0	0

949.024	38.824	0	0

949.340	38.750	0	0
1

960.930	38.969	1	0

961.087	38.896	0	0

961.292	38.750	0	0

961.521	38.753	0	0
1

973.447	38.978	1	0

973.600	38.911	0	0

973.782	38.831	0	0

974.058	38.705	0	0
1

985.670	38.972	1	0

985.825	38.904	0	0

986.015	38.811	0	0

986.304	38.743	0	0
1

998.111	38.934	1	0

998.270	38.920	0	0

998.450	38.836	0	0

998.701	38.738	0	0
1

1010.559	38.970	1	0

1010.714	38.902	0	0

1010.907	38.804	0	0

1011.181	38.745	0	0
1

1022.859	38.952	1	0

1023.030	38.824	0	0

1023.204	38.838	0	0

1023.453	38.741	0	0
1

1035.121	38.991	1	0

1035.273	38.911	0	0

1035.454	38.834	0	0

1035.716	38.724	0	0
1

1047.574	38.965	1	0

1047.733	38.889	0	0

1047.945	38.849	0	0

1048.192	38.742	0	0
1

1060.072	38.976	1	0

1060.225	38.910	0	0

1060.408	38.829	0	0

1060.694	38.671	0	0
1

1072.307	38.972	1	0

1072.462	38.903	0	0

1072.654	38.805	0	0

1072.921	38.749	0	0
1

1084.837	38.988	1	0

1084.989	38.909	0	0

1085.172	38.831	0	0

1085.440	38.718	0	0
1

1097.054	38.975	1	0

1097.207	38.910	0	0

1097.392	38.824	0	0

1097.697	38.750	0	0
1

1109.514	38.945	1	0

1109.685	38.926	0	0

1109.865	38.834	0	0

1110.118	38.737	0	0
1

1122.015	38.970	1	0

1122.170	38.901	0	0

1122.363	38.802	0	0

1122.637	38.744	0	0
1

1134.247	38.961	1	0

1134.409	38.876	0	0

1134.600	38.843	0	0

1134.842	38.749	0	0
1

1146.778	38.972	1	0

1146.932	38.906	0	0

1147.119	38.818	0	0

1147.428	38.741	0	0
1

1159.028	38.966	1	0

1159.186	38.890	0	0

1159.397	38.851	0	0

1159.642	38.745	0	0
1

1171.479	38.980	1	0

1171.631	38.911	0	0

1171.813	38.832	0	0

1172.083	38.712	0	0
1

1183.975	38.957	1	0

1184.138	38.868	0	0

1184.324	38.840	0	0

1184.570	38.745	0	0
1

1196.205	38.901	1	0

1196.350	38.919	0	0

1196.529	38.840	0	0

1196.777	38.740	0	0
1

1208.641	38.969	1	0

1208.797	38.899	0	0

1208.993	38.794	0	0

1209.245	38.749	0	0
1

1221.136	38.989	1	0

1221.288	38.908	0	0

1221.471	38.830	0	0

1221.739	38.718	0	0
1

1233.367	38.975	1	0

1233.520	38.909	0	0

1233.705	38.823	0	0

1234.009	38.749	0	0
1

1245.899	38.920	1	0

1246.049	38.918	0	0

1246.229	38.837	0	0

1246.480	38.737	0	0
1

1258.104	38.979	1	0

1258.256	38.913	0	0

1258.437	38.834	0	0

1258.708	38.707	0	0
1

1270.619	38.953	1	0

1270.789	38.825	0	0

1270.962	38.839	0	0

1271.209	38.743	0	0
1

1282.889	38.986	1	0

1283.042	38.909	0	0

1283.225	38.830	0	0

1283.496	38.715	0	0
1

1295.162	38.974	1	0

1295.316	38.907	0	0

1295.504	38.816	0	0

1295.792	38.747	0	0
1

1307.621	38.931	1	0

1307.776	38.919	0	0

1307.956	38.837	0	0

1308.207	38.738	0	0
1

1320.111	38.968	1	0

1320.267	38.897	0	0

1320.466	38.781	0	0

1320.702	38.751	0	0
1

1332.335	38.957	1	0

1332.500	38.852	0	0

1332.672	38.845	0	0

1332.912	38.751	0	0
1

1344.851	38.972	1	0

1345.005	38.905	0	0

1345.193	38.816	0	0

1345.494	38.742	0	0
1

1357.076	38.965	1	0

1357.234	38.889	0	0

1357.446	38.848	0	0

1357.695	38.741	0	0
1

1369.466	38.991	1	0

1369.619	38.910	0	0

1369.800	38.832	0	0

1370.064	38.723	0	0
1

1381.906	38.966	1	0

1382.063	38.892	0	0

1382.277	38.838	0	0

1382.522	38.743	0	0
1

1394.359	38.983	1	0

1394.511	38.909	0	0

1394.694	38.831	0	0

1394.964	38.714	0	0
1

1406.601	38.974	1	0

1406.755	38.907	0	0

1406.942	38.817	0	0

1407.235	38.747	0	0
1

1419.053	38.937	1	0

1419.215	38.921	0	0

1419.395	38.836	0	0

1419.646	38.737	0	0
1

1431.546	38.969	1	0

1431.702	38.898	0	0

1431.899	38.791	0	0

1432.152	38.748	0	0
1

1443.774	38.958	1	0

1443.937	38.865	0	0

1444.116	38.844	0	0

1444.356	38.750	0	0
1

1456.220	38.975	1	0

1456.373	38.910	0	0

1456.557	38.826	0	0

1456.869	38.757	0	0
1

1468.724	38.945	1	0

1468.895	38.925	0	0

1469.077	38.833	0	0

1469.331	38.735	0	0
1

1480.960	38.984	1	0

1481.112	38.913	0	0

1481.293	38.835	0	0

1481.557	38.720	0	0
1

1493.481	38.957	1	0

1493.644	38.865	0	0

1493.827	38.841	0	0

1494.071	38.746	0	0
1

1505.690	38.919	1	0

1505.838	38.921	0	0

1506.016	38.840	0	0

1506.263	38.742	0	0
1

1518.195	38.966	1	0

1518.353	38.894	0	0

1518.562	38.774	0	0

1518.798	38.747	0	0
1

1530.456	38.946	1	0

1530.629	38.924	0	0

1530.810	38.832	0	0

1531.067	38.733	0	0
1

1542.740	38.980	1	0

1542.892	38.913	0	0

1543.073	38.834	0	0

1543.343	38.709	0	0
1

1555.194	38.960	1	0

1555.356	38.875	0	0

1555.549	38.841	0	0

1555.795	38.745	0	0
1

1567.685	38.973	1	0

1567.838	38.908	0	0

1568.023	38.824	0	0

1568.339	38.750	0	0
1

1579.930	38.969	1	0

1580.086	38.896	0	0

1580.291	38.750	0	0

1580.520	38.753	0	0
1

1592.447	38.978	1	0

1592.599	38.910	0	0

1592.781	38.831	0	0

1593.057	38.705	0	0
1

1604.670	38.972	1	0

1604.824	38.904	0	0

1605.014	38.811	0	0

1605.304	38.743	0	0
1

1617.110	38.935	1	0

1617.269	38.920	0	0

1617.449	38.836	0	0

1617.700	38.738	0	0
1

1629.559	38.970	1	0

1629.714	38.902	0	0

1629.906	38.804	0	0

1630.180	38.745	0	0
1

1641.859	38.952	1	0

1642.029	38.824	0	0

1642.203	38.838	0	0

1642.452	38.741	0	0
1

1654.121	38.991	1	0

1654.273	38.912	0	0

1654.454	38.834	0	0

1654.715	38.724	0	0
1

1666.574	38.965	1	0

1666.732	38.889	0	0

1666.944	38.849	0	0

1667.192	38.742	0	0
1

1679.071	38.976	1	0

1679.224	38.910	0	0

1679.407	38.829	0	0

1679.693	38.671	0	0
1

1691.307	38.972	1	0

1691.461	38.903	0	0

1691.653	38.805	0	0

1691.920	38.749	0	0
1

1703.836	38.988	1	0

1703.989	38.909	0	0

1704.171	38.831	0	0

1704.439	38.718	0	0
1

1716.054	38.975	1	0

1716.207	38.910	0	0

1716.391	38.824	0	0

1716.696	38.750	0	0
1

1728.514	38.945	1	0

1728.684	38.926	0	0

1728.865	38.834	0	0

1729.117	38.737	0	0
1

1741.014	38.970	1	0

1741.169	38.901	0	0

1741.363	38.802	0	0

1741.637	38.744	0	0
1

1753.247	38.961	1	0

1753.408	38.876	0	0

1753.599	38.843	0	0

1753.841	38.749	0	0
1

1765.777	38.972	1	0

1765.931	38.906	0	0

1766.118	38.819	0	0

1766.428	38.742	0	0
1

1778.028	38.966	1	0

1778.186	38.890	0	0

1778.396	38.851	0	0

1778.641	38.745	0	0
1

1790.478	38.980	1	0

1790.631	38.911	0	0

1790.812	38.832	0	0

1791.082	38.712	0	0
1

1802.974	38.957	1	0

1803.138	38.868	0	0

1803.324	38.840	0	0

1803.570	38.745	0	0
1

1815.205	38.901	1	0

1815.350	38.919	0	0

1815.528	38.840	0	0

1815.776	38.740	0	0
1

1827.641	38.970	1	0

1827.796	38.899	0	0

1827.992	38.794	0	0

1828.245	38.749	0	0
1

1840.135	38.989	1	0

1840.288	38.908	0	0

1840.471	38.830	0	0

1840.739	38.718	0	0
1

1852.366	38.975	1	0

1852.519	38.909	0	0

1852.705	38.823	0	0

1853.009	38.749	0	0
1

1864.899	38.920	1	0

1865.048	38.918	0	0

1865.228	38.837	0	0

1865.480	38.737	0	0
1

1877.104	38.979	1	0

1877.256	38.913	0	0

1877.437	38.834	0	0

1877.708	38.707	0	0
1

1889.619	38.953	1	0

1889.789	38.825	0	0

1889.962	38.839	0	0

1890.208	38.743	0	0
1

1901.889	38.986	1	0

1902.042	38.909	0	0

1902.225	38.830	0	0

1902.496	38.715	0	0
1

1914.162	38.974	1	0

1914.316	38.906	0	0

1914.504	38.816	0	0

1914.791	38.747	0	0
1

1926.620	38.931	1	0

1926.776	38.919	0	0

1926.956	38.837	0	0

1927.206	38.738	0	0
1

1939.110	38.968	1	0

1939.267	38.897	0	0

1939.466	38.781	0	0

1939.702	38.751	0	0
1

1951.335	38.957	1	0

1951.499	38.853	0	0

1951.672	38.845	0	0

1951.911	38.751	0	0
1

1963.850	38.972	1	0

1964.004	38.905	0	0

1964.192	38.816	0	0

1964.493	38.742	0	0
1

1976.075	38.965	1	0

1976.234	38.889	0	0

1976.446	38.848	0	0

1976.695	38.741	0	0
1

1988.466	38.991	1	0

1988.618	38.910	0	0

1988.800	38.832	0	0

1989.063	38.723	0	0
1

2000.905	38.966	1	0

2001.063	38.892	0	0

2001.277	38.838	0	0

2001.521	38.743	0	0
1

2013.358	38.983	1	0

2013.511	38.909	0	0

2013.694	38.831	0	0

2013.964	38.714	0	0
1

2025.601	38.974	1	0

2025.755	38.907	0	0

2025.942	38.818	0	0

2026.234	38.747	0	0
1

2038.053	38.937	1	0

2038.214	38.921	0	0

2038.395	38.836	0	0

2038.646	38.737	0	0
1

2050.546	38.969	1	0

2050.702	38.898	0	0

2050.899	38.791	0	0

2051.151	38.748	0	0
1

2062.773	38.958	1	0

2062.937	38.865	0	0

2063.116	38.844	0	0

2063.356	38.750	0	0
1

2075.220	38.975	1	0

2075.373	38.910	0	0

2075.556	38.826	0	0

2075.869	38.758	0	0
1

2087.724	38.945	1	0

2087.895	38.925	0	0

2088.076	38.832	0	0

2088.331	38.735	0	0
1

2099.960	38.984	1	0

2100.112	38.913	0	0

2100.293	38.834	0	0

2100.556	38.720	0	0
1

2112.480	38.957	1	0

2112.644	38.865	0	0

2112.827	38.841	0	0

2113.071	38.746	0	0
1

2124.689	38.919	1	0

2124.837	38.921	0	0

2125.016	38.840	0	0

2125.262	38.742	0	0
1

2137.195	38.967	1	0

2137.352	38.894	0	0

2137.561	38.774	0	0

2137.798	38.747	0	0
1

2149.455	38.946	1	0

2149.628	38.924	0	0

2149.810	38.832	0	0

2150.066	38.733	0	0
1

2161.740	38.979	1	0

2161.892	38.913	0	0

2162.073	38.834	0	0

2162.343	38.709	0	0
1

2174.194	38.960	1	0

2174.356	38.875	0	0

2174.549	38.841	0	0

2174.794	38.745	0	0
1

2186.685	38.973	1	0

2186.838	38.908	0	0

2187.023	38.824	0	0

2187.339	38.750	0	0
1

2198.929	38.969	1	0

2199.086	38.897	0	0

2199.290	38.750	0	0

2199.519	38.753	0	0
1

2211.446	38.978	1	0

2211.599	38.911	0	0

2211.781	38.831	0	0

2212.056	38.705	0	0
1

2223.669	38.972	1	0

2223.824	38.904	0	0

2224.014	38.811	0	0

2224.303	38.743	0	0
1

2236.110	38.935	1	0

2236.269	38.920	0	0

2236.449	38.836	0	0

2236.700	38.738	0	0
1

2248.558	38.971	1	0

2248.713	38.902	0	0

2248.906	38.804	0	0

2249.180	38.745	0	0
1

2260.859	38.952	1	0

2261.029	38.824	0	0

2261.203	38.838	0	0

2261.451	38.741	0	0
1

2273.120	38.991	1	0

2273.272	38.912	0	0

2273.453	38.834	0	0

2273.715	38.724	0	0
1

2285.573	38.965	1	0

2285.732	38.889	0	0

2285.944	38.849	0	0

2286.192	38.742	0	0
1

2298.071	38.976	1	0

2298.224	38.910	0	0

2298.407	38.829	0	0

2298.693	38.671	0	0
1

2310.307	38.972	1	0

2310.461	38.903	0	0

2310.653	38.805	0	0

2310.920	38.749	0	0
1

2322.836	38.988	1	0

2322.989	38.909	0	0

2323.171	38.831	0	0

2323.439	38.718	0	0
1

2335.053	38.975	1	0

2335.206	38.910	0	0

2335.391	38.824	0	0

2335.696	38.750	0	0
1

2347.514	38.945	1	0

2347.684	38.926	0	0

2347.865	38.834	0	0

2348.117	38.737	0	0
1

2360.014	38.970	1	0

2360.169	38.901	0	0

2360.362	38.802	0	0

2360.636	38.744	0	0
1

2372.246	38.961	1	0

2372.408	38.876	0	0

2372.599	38.843	0	0

2372.841	38.748	0	0
1

2384.777	38.972	1	0

2384.931	38.906	0	0

2385.118	38.818	0	0

2385.428	38.741	0	0
1

2397.027	38.966	1	0

2397.185	38.890	0	0

2397.396	38.851	0	0

2397.641	38.745	0	0
1

2409.478	38.980	1	0

2409.630	38.911	0	0

2409.812	38.832	0	0

2410.082	38.712	0	0
1

2421.974	38.957	1	0

2422.137	38.867	0	0

2422.324	38.840	0	0

2422.569	38.745	0	0
1

2434.205	38.901	1	0

2434.349	38.919	0	0

2434.528	38.839	0	0

2434.776	38.740	0	0
1

2446.640	38.969	1	0

2446.796	38.899	0	0

2446.992	38.794	0	0

2447.245	38.749	0	0
1

2459.135	38.989	1	0

2459.288	38.908	0	0

2459.471	38.830	0	0

2459.739	38.718	0	0
1

2471.366	38.975	1	0

2471.519	38.909	0	0

2471.704	38.823	0	0

2472.009	38.748	0	0
1

2483.898	38.920	1	0

2484.048	38.918	0	0

2484.228	38.837	0	0

2484.479	38.737	0	0
1

2496.104	38.979	1	0

2496.255	38.913	0	0

2496.436	38.834	0	0

2496.707	38.707	0	0
1

2508.619	38.953	1	0

2508.788	38.825	0	0

2508.962	38.839	0	0

2509.208	38.743	0	0
1

2520.889	38.986	1	0

2521.042	38.909	0	0

2521.225	38.830	0	0

2521.495	38.715	0	0
1

2533.162	38.974	1	0

2533.315	38.907	0	0

2533.504	38.816	0	0

2533.791	38.747	0	0
1

2545.620	38.931	1	0

2545.776	38.919	0	0

2545.956	38.837	0	0

2546.206	38.738	0	0
1

2558.110	38.968	1	0

2558.266	38.897	0	0

2558.466	38.781	0	0

2558.702	38.751	0	0
1

2570.334	38.957	1	0

2570.499	38.852	0	0

2570.672	38.846	0	0

2570.911	38.751	0	0
1

2582.850	38.972	1	0

2583.004	38.905	0	0

2583.192	38.816	0	0

2583.493	38.742	0	0
1

2595.075	38.965	1	0

2595.234	38.889	0	0

2595.445	38.848	0	0

2595.695	38.741	0	0
1

2607.466	38.991	1	0

2607.618	38.910	0	0

2607.800	38.832	0	0

2608.063	38.722	0	0
1

2619.905	38.966	1	0

2620.063	38.892	0	0

2620.276	38.838	0	0

2620.521	38.743	0	0
1

2632.358	38.983	1	0

2632.511	38.909	0	0

2632.693	38.830	0	0

2632.964	38.714	0	0
1

2644.601	38.974	1	0

2644.754	38.907	0	0

2644.942	38.818	0	0

2645.234	38.747	0	0
1

2657.052	38.937	1	0

2657.214	38.921	0	0

2657.394	38.836	0	0

2657.645	38.737	0	0
1

2669.546	38.969	1	0

2669.702	38.898	0	0

2669.899	38.792	0	0

2670.151	38.748	0	0
1

2681.773	38.958	1	0

2681.936	38.866	0	0

2682.115	38.844	0	0

2682.356	38.750	0	0
1

2694.219	38.975	1	0

2694.372	38.910	0	0

2694.556	38.826	0	0

2694.868	38.757	0	0
1

2706.724	38.945	1	0

2706.895	38.925	0	0

2707.076	38.833	0	0

2707.330	38.735	0	0
1

2718.960	38.984	1	0

2719.112	38.913	0	0

2719.292	38.835	0	0

2719.556	38.720	0	0
1

2731.480	38.957	1	0

2731.644	38.865	0	0

2731.826	38.841	0	0

2732.071	38.746	0	0
1

2743.689	38.919	1	0

2743.837	38.921	0	0

2744.016	38.840	0	0

2744.262	38.742	0	0
1

2756.195	38.967	1	0

2756.352	38.894	0	0

2756.561	38.774	0	0

2756.797	38.747	0	0
1

2768.455	38.946	1	0

2768.628	38.924	0	0

2768.810	38.832	0	0

2769.066	38.733	0	0
1

2780.740	38.980	1	0

2780.892	38.913	0	0

2781.073	38.834	0	0

2781.343	38.709	0	0
1

2793.194	38.960	1	0

2793.355	38.875	0	0

2793.549	38.841	0	0

2793.794	38.745	0	0
1

2805.684	38.973	1	0

2805.838	38.908	0	0

2806.023	38.824	0	0

2806.339	38.750	0	0
1

2817.929	38.969	1	0

2818.085	38.896	0	0

2818.290	38.750	0	0

2818.519	38.753	0	0
1

2830.446	38.978	1	0

2830.599	38.910	0	0

2830.781	38.831	0	0

2831.056	38.704	0	0
1

2842.669	38.972	1	0

2842.824	38.904	0	0

2843.014	38.811	0	0

2843.303	38.743	0	0
1

2855.110	38.934	1	0

2855.269	38.920	0	0

2855.449	38.836	0	0

2855.699	38.738	0	0
1

2867.558	38.970	1	0

2867.713	38.902	0	0

2867.905	38.805	0	0

2868.180	38.745	0	0
1

2879.858	38.952	1	0

2880.029	38.824	0	0

2880.203	38.838	0	0

2880.451	38.741	0	0
1

2892.120	38.991	1	0

2892.272	38.912	0	0

2892.453	38.834	0	0

2892.714	38.724	0	0
1

2904.573	38.965	1	0

2904.732	38.889	0	0

2904.943	38.849	0	0

2905.191	38.742	0	0
1

2917.071	38.976	1	0

2917.224	38.910	0	0

2917.407	38.829	0	0

2917.692	38.671	0	0
1

2929.306	38.972	1	0

2929.461	38.903	0	0

2929.653	38.805	0	0

2929.920	38.749	0	0
1

2941.836	38.988	1	0

2941.988	38.909	0	0

2942.171	38.831	0	0

2942.438	38.718	0	0
1

2954.053	38.975	1	0

2954.206	38.910	0	0

2954.391	38.824	0	0

2954.696	38.750	0	0
1

2966.513	38.945	1	0

2966.684	38.926	0	0

2966.864	38.834	0	0

2967.117	38.737	0	0
1

2979.013	38.970	1	0

2979.169	38.900	0	0

2979.362	38.802	0	0

2979.636	38.744	0	0
1

2991.246	38.961	1	0

2991.408	38.876	0	0

2991.599	38.843	0	0

2991.841	38.748	0	0
1

3003.777	38.972	1	0

3003.931	38.906	0	0

3004.118	38.818	0	0

3004.427	38.742	0	0
1

3016.027	38.966	1	0

3016.185	38.890	0	0

3016.396	38.851	0	0

3016.641	38.745	0	0
1

3028.478	38.980	1	0

3028.630	38.911	0	0

3028.812	38.832	0	0

3029.082	38.712	0	0
1

3040.974	38.957	1	0

3041.137	38.868	0	0

3041.323	38.840	0	0

3041.569	38.745	0	0
1

3053.204	38.901	1	0

3053.349	38.919	0	0

3053.528	38.840	0	0

3053.776	38.740	0	0
1

3065.640	38.969	1	0

3065.796	38.899	0	0

3065.992	38.794	0	0

3066.244	38.749	0	0
1

3078.135	38.989	1	0

3078.287	38.908	0	0

3078.470	38.830	0	0

3078.738	38.718	0	0
1

3090.366	38.975	1	0

3090.519	38.909	0	0

3090.704	38.823	0	0

3091.008	38.749	0	0
1

3102.898	38.920	1	0

3103.048	38.918	0	0

3103.228	38.837	0	0

3103.479	38.737	0	0
1

3115.103	38.979	1	0

3115.255	38.913	0	0

3115.436	38.834	0	0

3115.707	38.707	0	0
1

3127.618	38.953	1	0

3127.788	38.825	0	0

3127.961	38.839	0	0

3128.208	38.743	0	0
1

3139.888	38.986	1	0

3140.041	38.909	0	0

3140.224	38.830	0	0

3140.495	38.715	0	0
1

3152.161	38.973	1	0

3152.315	38.906	0	0

3152.503	38.815	0	0

3152.791	38.747	0	0
1

3164.620	38.931	1	0

3164.775	38.919	0	0

3164.955	38.837	0	0

3165.206	38.738	0	0
1

3177.110	38.968	1	0

3177.266	38.897	0	0

3177.465	38.781	0	0

3177.702	38.751	0	0
1

3189.334	38.957	1	0

3189.499	38.852	0	0

3189.671	38.845	0	0

3189.911	38.751	0	0
1

3201.850	38.972	1	0

3202.004	38.905	0	0

3202.192	38.816	0	0

3202.493	38.742	0	0
1

3214.075	38.965	1	0

3214.233	38.889	0	0

3214.445	38.848	0	0

3214.694	38.741	0	0
1

3226.465	38.991	1	0

3226.618	38.910	0	0

3226.799	38.832	0	0

3227.063	38.722	0	0
1

3238.905	38.966	1	0

3239.062	38.892	0	0

3239.276	38.838	0	0

3239.521	38.743	0	0
1

3251.358	38.983	1	0

3251.510	38.909	0	0

3251.693	38.831	0	0

3251.963	38.714	0	0
1

3263.600	38.974	1	0

3263.754	38.907	0	0

3263.941	38.818	0	0

3264.234	38.747	0	0
1

3276.052	38.937	1	0

3276.214	38.921	0	0

3276.394	38.836	0	0

3276.645	38.737	0	0
1

3288.545	38.968	1	0

3288.701	38.898	0	0

3288.898	38.792	0	0

3289.151	38.748	0	0
1

3300.773	38.958	1	0

3300.936	38.865	0	0

3301.115	38.844	0	0

3301.355	38.750	0	0
1

3313.219	38.975	1	0

3313.372	38.910	0	0

3313.556	38.826	0	0

3313.868	38.758	0	0
1

3325.723	38.944	1	0

3325.895	38.925	0	0

3326.076	38.833	0	0

3326.330	38.735	0	0
1

3337.959	38.984	1	0

3338.111	38.913	0	0

3338.292	38.834	0	0

3338.556	38.720	0	0
1

3350.480	38.957	1	0

3350.643	38.865	0	0

3350.826	38.841	0	0

3351.070	38.746	0	0
1

3362.689	38.919	1	0

3362.837	38.921	0	0

3363.015	38.840	0	0

3363.262	38.742	0	0
1

3375.194	38.967	1	0

3375.352	38.894	0	0

3375.561	38.774	0	0

3375.797	38.747	0	0
1

3387.455	38.945	1	0

3387.628	38.924	0	0

3387.809	38.832	0	0

3388.066	38.733	0	0
1

3399.739	38.980	1	0

3399.891	38.913	0	0

3400.072	38.834	0	0

3400.342	38.709	0	0
1

3412.193	38.960	1	0

3412.355	38.875	0	0

3412.548	38.840	0	0

3412.794	38.745	0	0
1

3424.684	38.973	1	0

3424.837	38.908	0	0

3425.022	38.824	0	0

3425.339	38.750	0	0
1

3436.929	38.969	1	0

3437.085	38.897	0	0

3437.290	38.750	0	0

3437.519	38.753	0	0
1

3449.446	38.978	1	0

3449.598	38.911	0	0

3449.781	38.831	0	0

3450.056	38.705	0	0
1

3461.669	38.972	1	0

3461.823	38.904	0	0

3462.013	38.811	0	0

3462.303	38.743	0	0
1

3474.109	38.935	1	0

3474.268	38.920	0	0

3474.449	38.836	0	0

3474.699	38.738	0	0
1

3486.558	38.970	1	0

3486.713	38.902	0	0

3486.905	38.804	0	0

3487.179	38.745	0	0
1

3498.858	38.952	1	0

3499.028	38.824	0	0

3499.202	38.838	0	0

3499.451	38.741	0	0
1

3511.120	38.991	1	0

3511.272	38.912	0	0

3511.453	38.834	0	0

3511.714	38.724	0	0
1

3523.573	38.965	1	0

3523.731	38.889	0	0

3523.943	38.849	0	0

3524.191	38.742	0	0
1

3536.071	38.976	1	0

3536.223	38.910	0	0

3536.406	38.829	0	0

3536.692	38.671	0	0
1

3548.306	38.972	1	0

3548.460	38.903	0	0

3548.652	38.805	0	0

3548.919	38.749	0	0
1

3560.835	38.988	1	0

3560.988	38.909	0	0

3561.170	38.831	0	0

3561.438	38.718	0	0
1

3573.053	38.975	1	0

3573.206	38.910	0	0

3573.390	38.824	0	0

3573.695	38.750	0	0
1

3585.513	38.945	1	0

3585.683	38.926	0	0

3585.864	38.834	0	0

3586.116	38.737	0	0
1

3598.013	38.970	1	0

3598.168	38.901	0	0

3598.362	38.802	0	0

3598.636	38.744	0	0
1

3610.246	38.961	1	0

3610.407	38.876	0	0

3610.598	38.843	0	0

3610.840	38.749	0	0
1

3622.776	38.972	1	0

3622.930	38.906	0	0

3623.117	38.819	0	0

3623.427	38.741	0	0
1

3635.027	38.966	1	0

3635.185	38.890	0	0

3635.395	38.851	0	0

3635.641	38.745	0	0
1

3647.477	38.980	1	0

3647.630	38.911	0	0

3647.811	38.832	0	0

3648.081	38.712	0	0
1

3659.973	38.957	1	0

3660.137	38.868	0	0

3660.323	38.840	0	0

3660.569	38.745	0	0
1

3672.204	38.901	1	0

3672.349	38.919	0	0

3672.527	38.840	0	0

3672.775	38.740	0	0
1

3684.640	38.970	1	0

3684.795	38.899	0	0

3684.991	38.794	0	0

3685.244	38.749	0	0
1

3697.134	38.989	1	0

3697.287	38.908	0	0

3697.470	38.830	0	0

3697.738	38.718	0	0
1

3709.366	38.975	1	0

3709.519	38.909	0	0

3709.704	38.823	0	0

3710.008	38.749	0	0
1

3721.898	38.920	1	0

3722.048	38.918	0	0

3722.228	38.837	0	0

3722.479	38.737	0	0
1

3734.103	38.979	1	0

3734.255	38.913	0	0

3734.436	38.834	0	0

3734.707	38.707	0	0
1

3746.618	38.953	1	0

3746.788	38.825	0	0

3746.961	38.839	0	0

3747.207	38.743	0	0
1

3758.888	38.986	1	0

3759.041	38.908	0	0

3759.224	38.830	0	0

3759.495	38.715	0	0
1

3771.161	38.974	1	0

3771.315	38.907	0	0

3771.503	38.816	0	0

3771.791	38.747	0	0
1

3783.619	38.931	1	0

3783.775	38.919	0	0

3783.955	38.837	0	0

3784.205	38.738	0	0
1

3796.109	38.968	1	0

3796.266	38.897	0	0

3796.465	38.781	0	0

3796.701	38.751	0	0
1

3808.334	38.957	1	0

3808.498	38.853	0	0

3808.671	38.845	0	0

3808.910	38.751	0	0
1

3820.849	38.972	1	0

3821.003	38.905	0	0

3821.192	38.816	0	0

3821.492	38.742	0	0
1

3833.074	38.965	1	0

3833.233	38.889	0	0

3833.445	38.848	0	0

3833.694	38.741	0	0
1

3845.465	38.991	1	0

3845.617	38.910	0	0

3845.799	38.832	0	0

3846.063	38.723	0	0
1

3857.904	38.966	1	0

3858.062	38.892	0	0

3858.276	38.838	0	0

3858.520	38.743	0	0
1

3870.357	38.983	1	0

3870.510	38.909	0	0

3870.693	38.831	0	0

3870.963	38.714	0	0
1

3882.600	38.974	1	0

3882.754	38.907	0	0

3882.941	38.817	0	0

3883.233	38.747	0	0
1

3895.052	38.937	1	0

3895.213	38.921	0	0

3895.394	38.836	0	0

3895.645	38.737	0	0
1

3907.545	38.969	1	0

3907.701	38.898	0	0

3907.898	38.791	0	0

3908.150	38.748	0	0
1

3919.772	38.958	1	0

3919.936	38.865	0	0

3920.115	38.844	0	0

3920.355	38.750	0	0
1

3932.219	38.975	1	0

3932.372	38.909	0	0

3932.556	38.826	0	0

3932.868	38.758	0	0
1

3944.723	38.945	1	0

3944.894	38.925	0	0

3945.075	38.833	0	0

3945.330	38.735	0	0
1

3956.959	38.984	1	0

3957.111	38.912	0	0

3957.292	38.835	0	0

3957.555	38.720	0	0
1

3969.479	38.957	1	0

3969.643	38.865	0	0

3969.826	38.841	0	0

3970.070	38.746	0	0
1

3981.688	38.919	1	0

3981.837	38.921	0	0

3982.015	38.840	0	0

3982.261	38.742	0	0
1

3994.194	38.967	1	0

3994.351	38.894	0	0

3994.561	38.774	0	0

3994.797	38.747	0	0
1

4006.455	38.946	1	0

4006.627	38.924	0	0

4006.809	38.832	0	0

4007.065	38.733	0	0
1

4018.739	38.979	1	0

4018.891	38.913	0	0

4019.072	38.834	0	0

4019.342	38.709	0	0
1

4031.193	38.960	1	0

4031.355	38.875	0	0

4031.548	38.841	0	0

4031.793	38.745	0	0
1

4043.684	38.973	1	0

4043.837	38.908	0	0

4044.022	38.824	0	0

4044.338	38.750	0	0
1

4055.928	38.969	1	0

4056.085	38.897	0	0

4056.289	38.750	0	0

4056.518	38.753	0	0
1

4068.445	38.978	1	0

4068.598	38.910	0	0

4068.780	38.831	0	0

4069.056	38.705	0	0
1

4080.668	38.972	1	0

4080.823	38.904	0	0

4081.013	38.811	0	0

4081.302	38.743	0	0
1

4093.109	38.934	1	0

4093.268	38.920	0	0

4093.448	38.836	0	0

4093.699	38.738	0	0
1

4105.557	38.971	1	0

4105.712	38.902	0	0

4105.905	38.804	0	0

4106.179	38.745	0	0
1

4117.858	38.952	1	0

4118.028	38.824	0	0

4118.202	38.838	0	0

4118.451	38.741	0	0
1

4130.119	38.991	1	0

4130.271	38.912	0	0

4130.452	38.834	0	0

4130.714	38.724	0	0
1

4142.572	38.965	1	0

4142.731	38.889	0	0

4142.943	38.849	0	0

4143.191	38.742	0	0
1

4155.070	38.976	1	0

4155.223	38.910	0	0

4155.406	38.829	0	0

4155.692	38.671	0	0
1

4167.306	38.972	1	0

4167.460	38.903	0	0

4167.652	38.805	0	0

4167.919	38.749	0	0
1

4179.835	38.988	1	0

4179.988	38.909	0	0

4180.170	38.831	0	0

4180.438	38.718	0	0
1

4192.052	38.975	1	0

4192.205	38.910	0	0

4192.390	38.824	0	0

4192.695	38.750	0	0
1

4204.513	38.945	1	0

4204.683	38.926	0	0

4204.864	38.834	0	0

4205.116	38.737	0	0
1

4217.013	38.970	1	0

4217.168	38.901	0	0

4217.361	38.802	0	0

4217.635	38.744	0	0
1

4229.245	38.961	1	0

4229.407	38.876	0	0

4229.598	38.843	0	0

4229.840	38.748	0	0
1

4241.776	38.972	1	0

4241.930	38.906	0	0

4242.117	38.818	0	0

4242.427	38.741	0	0
1

4254.026	38.966	1	0

4254.184	38.890	0	0

4254.395	38.851	0	0

4254.640	38.745	0	0
1

4266.477	38.980	1	0

4266.629	38.911	0	0

4266.811	38.832	0	0

4267.081	38.712	0	0
1

4278.973	38.957	1	0

4279.136	38.868	0	0

4279.323	38.840	0	0

4279.568	38.745	0	0
1

4291.204	38.901	1	0

4291.348	38.919	0	0

4291.527	38.840	0	0

4291.775	38.740	0	0
1

4303.639	38.969	1	0

4303.795	38.899	0	0

4303.991	38.794	0	0

4304.244	38.749	0	0
1

4316.134	38.989	1	0

4316.287	38.908	0	0

4316.469	38.830	0	0

4316.738	38.718	0	0
1

4328.365	38.975	1	0

4328.518	38.909	0	0

4328.703	38.823	0	0

4329.008	38.749	0	0
1

4340.897	38.920	1	0

4341.047	38.918	0	0

4341.227	38.837	0	0

4341.478	38.737	0	0
1

4353.103	38.979	1	0

4353.254	38.913	0	0

4353.435	38.834	0	0

4353.706	38.707	0	0
1

4365.618	38.953	1	0

4365.787	38.825	0	0

4365.961	38.839	0	0

4366.207	38.743	0	0
1

4377.888	38.986	1	0

4378.041	38.909	0	0

4378.224	38.830	0	0

4378.494	38.715	0	0
1

4390.161	38.974	1	0

4390.314	38.907	0	0

4390.503	38.816	0	0

4390.790	38.747	0	0
1

4402.619	38.931	1	0

4402.775	38.919	0	0

4402.955	38.837	0	0

4403.205	38.738	0	0
1

4415.109	38.968	1	0

4415.265	38.897	0	0

4415.465	38.781	0	0

4415.701	38.751	0	0
1

4427.333	38.957	1	0

4427.498	38.852	0	0

4427.671	38.846	0	0

4427.910	38.751	0	0
1

4439.849	38.972	1	0

4440.003	38.905	0	0

4440.191	38.816	0	0

4440.492	38.742	0	0
1

4452.074	38.965	1	0

4452.233	38.889	0	0

4452.444	38.848	0	0

4452.694	38.741	0	0
1

4464.465	38.991	1	0

4464.617	38.910	0	0

4464.799	38.832	0	0

4465.062	38.722	0	0
1

4476.904	38.966	1	0

4477.062	38.892	0	0

4477.275	38.838	0	0

4477.520	38.743	0	0
1

4489.357	38.983	1	0

4489.510	38.909	0	0

4489.692	38.830	0	0

4489.963	38.714	0	0
1

4501.600	38.974	1	0

4501.753	38.907	0	0

4501.941	38.818	0	0

4502.233	38.747	0	0
1

4514.051	38.937	1	0

4514.213	38.921	0	0

4514.393	38.836	0	0

4514.644	38.737	0	0
1

4526.545	38.968	1	0

4526.701	38.898	0	0

4526.898	38.792	0	0

4527.150	38.748	0	0
1

4538.772	38.958	1	0

4538.935	38.866	0	0

4539.114	38.844	0	0

4539.355	38.750	0	0
1

4551.218	38.975	1	0

4551.371	38.910	0	0

4551.555	38.826	0	0

4551.867	38.757	0	0
1

4563.723	38.945	1	0

4563.894	38.925	0	0

4564.075	38.833	0	0

4564.329	38.735	0	0
1

4575.959	38.984	1	0

4576.111	38.913	0	0

4576.291	38.835	0	0

4576.555	38.720	0	0
1

4588.479	38.957	1	0

4588.643	38.865	0	0

4588.825	38.841	0	0

4589.070	38.746	0	0
1

4600.688	38.919	1	0

4600.836	38.921	0	0

4601.015	38.840	0	0

4601.261	38.742	0	0
1

4613.194	38.966	1	0

4613.351	38.894	0	0

4613.560	38.774	0	0

4613.796	38.747	0	0
1

4625.454	38.946	1	0

4625.627	38.924	0	0

4625.809	38.832	0	0

4626.065	38.733	0	0
1

4637.739	38.980	1	0

4637.891	38.913	0	0

4638.072	38.834	0	0

4638.342	38.709	0	0
1

4650.193	38.960	1	0

4650.354	38.875	0	0

4650.548	38.841	0	0

4650.793	38.745	0	0
1

4662.683	38.973	1	0

4662.837	38.908	0	0

4663.022	38.824	0	0

4663.338	38.750	0	0
1

4674.928	38.969	1	0

4675.084	38.896	0	0

4675.289	38.750	0	0

4675.518	38.753	0	0
1

4687.445	38.978	1	0

4687.598	38.910	0	0

4687.780	38.831	0	0

4688.055	38.705	0	0
1

4699.668	38.972	1	0

4699.823	38.904	0	0

4700.013	38.811	0	0

4700.302	38.743	0	0
1

4712.109	38.935	1	0

4712.268	38.920	0	0

4712.448	38.836	0	0

4712.698	38.738	0	0
1

4724.557	38.970	1	0

4724.712	38.902	0	0

4724.904	38.805	0	0

4725.179	38.745	0	0
1

4736.857	38.952	1	0

4737.028	38.824	0	0

4737.202	38.838	0	0

4737.450	38.741	0	0
1

4749.119	38.991	1	0

4749.271	38.912	0	0

4749.452	38.834	0	0

4749.713	38.724	0	0
1

4761.572	38.965	1	0

4761.730	38.889	0	0

4761.942	38.849	0	0

4762.190	38.742	0	0
1

4774.070	38.976	1	0

4774.223	38.910	0	0

4774.406	38.829	0	0

4774.691	38.671	0	0
1

4786.305	38.972	1	0

4786.460	38.903	0	0

4786.652	38.805	0	0

4786.919	38.749	0	0
1

4798.835	38.988	1	0

4798.987	38.909	0	0

4799.170	38.831	0	0

4799.437	38.718	0	0
1

4811.052	38.975	1	0

4811.205	38.910	0	0

4811.390	38.824	0	0

4811.694	38.750	0	0
1

4823.512	38.945	1	0

4823.683	38.926	0	0

4823.863	38.834	0	0

4824.116	38.737	0	0
1

4836.012	38.970	1	0

4836.168	38.901	0	0

4836.361	38.802	0	0

4836.635	38.744	0	0
1

4848.245	38.961	1	0

4848.407	38.876	0	0

4848.598	38.843	0	0

4848.840	38.749	0	0
1

4860.776	38.972	1	0

4860.930	38.906	0	0

4861.117	38.818	0	0

4861.426	38.742	0	0
1

4873.026	38.966	1	0

4873.184	38.890	0	0

4873.395	38.851	0	0

4873.640	38.745	0	0
1

4885.477	38.980	1	0

4885.629	38.911	0	0

4885.811	38.832	0	0

4886.081	38.712	0	0
1

4897.973	38.957	1	0

4898.136	38.868	0	0

4898.322	38.840	0	0

4898.568	38.745	0	0
1

4910.203	38.901	1	0

4910.348	38.919	0	0

4910.527	38.840	0	0

4910.775	38.740	0	0
1

4922.639	38.969	1	0

4922.795	38.899	0	0

4922.990	38.794	0	0

4923.243	38.749	0	0
1

4935.134	38.989	1	0

4935.286	38.908	0	0

4935.469	38.830	0	0

4935.737	38.718	0	0
1

4947.365	38.975	1	0

4947.518	38.909	0	0

4947.703	38.823	0	0

4948.007	38.749	0	0
1

4959.897	38.920	1	0

4960.047	38.918	0	0

4960.227	38.837	0	0

4960.478	38.737	0	0
1

4972.102	38.979	1	0

4972.254	38.913	0	0

4972.435	38.834	0	0

4972.706	38.707	0	0
1

4984.617	38.953	1	0

4984.787	38.825	0	0

4984.960	38.839	0	0

4985.207	38.743	0	0
1

4996.887	38.986	1	0

4997.040	38.909	0	0

4997.223	38.830	0	0

4997.494	38.715	0	0
