1

0.140	38.935	1	0

0.263	38.864	0	0

0.404	38.801	0	0

0.551	38.723	0	0

0.711	38.690	0	0

0.905	38.572	0	0

1.113	38.571	0	0

1.366	38.530	0	0

1.652	38.522	0	0

1.912	38.536	0	0

2.144	38.538	0	0

2.396	38.512	0	0

2.713	38.479	0	0

3.252	38.444	0	0

4.810	38.563	0	0

5.035	38.542	0	0

5.304	38.503	0	0

5.697	38.464	0	0

7.651	38.481	0	0
1

18.909	39.153	1	0

19.008	39.065	0	0

19.110	39.037	0	0

19.215	39.003	0	0

19.325	38.964	0	0

19.441	38.919	0	0

19.564	38.862	0	0

19.702	38.768	0	0

19.895	38.565	0	0

20.196	38.497	0	0

21.696	38.554	0	0

21.925	38.543	0	0

22.194	38.509	0	0

22.563	38.472	0	0

24.817	38.483	0	0

25.330	38.448	0	0

26.896	38.557	0	0

27.130	38.533	0	0

27.419	38.495	0	0

27.880	38.456	0	0

29.503	38.543	0	0

29.761	38.515	0	0

30.118	38.474	0	0
1

42.639	39.159	1	0

42.738	39.069	0	0

42.839	39.041	0	0

42.944	39.009	0	0

43.052	38.975	0	0

43.166	38.938	0	0

43.284	38.899	0	0

43.409	38.854	0	0

43.542	38.808	0	0

43.684	38.758	0	0

43.838	38.707	0	0

44.008	38.657	0	0

44.201	38.599	0	0

44.450	38.518	0	0
1

60.711	39.170	1	0

60.808	39.076	0	0

60.908	39.050	0	0

61.011	39.020	0	0

61.117	38.988	0	0

61.228	38.952	0	0

61.344	38.915	0	0

61.466	38.874	0	0

61.593	38.832	0	0

61.729	38.787	0	0

61.874	38.740	0	0

62.031	38.693	0	0

62.204	38.645	0	0

62.398	38.599	0	0

62.624	38.553	0	0

62.911	38.509	0	0

63.379	38.464	0	0
1

77.482	39.162	1	0

77.580	39.071	0	0

77.681	39.045	0	0

77.785	39.013	0	0

77.893	38.979	0	0

78.006	38.942	0	0

78.124	38.903	0	0

78.248	38.860	0	0

78.379	38.816	0	0

78.518	38.771	0	0

78.668	38.723	0	0

78.832	38.673	0	0

79.015	38.624	0	0

79.225	38.576	0	0

79.479	38.530	0	0

79.843	38.482	0	0
1

97.761	39.172	1	0

97.858	39.076	0	0

97.958	39.050	0	0

98.060	39.021	0	0

98.167	38.989	0	0

98.277	38.954	0	0

98.393	38.916	0	0

98.514	38.876	0	0

98.641	38.834	0	0

98.776	38.789	0	0

98.921	38.743	0	0

99.077	38.695	0	0

99.248	38.648	0	0

99.440	38.602	0	0

99.664	38.555	0	0

99.945	38.511	0	0

100.380	38.467	0	0
1

114.361	39.162	1	0

114.459	39.071	0	0

114.560	39.045	0	0

114.664	39.014	0	0

114.772	38.980	0	0

114.885	38.943	0	0

115.002	38.903	0	0

115.126	38.861	0	0

115.257	38.817	0	0

115.397	38.772	0	0

115.547	38.723	0	0

115.710	38.674	0	0

115.893	38.625	0	0

116.102	38.577	0	0

116.354	38.531	0	0

116.713	38.484	0	0
1

134.932	39.172	1	0

135.029	39.076	0	0

135.129	39.050	0	0

135.232	39.021	0	0

135.338	38.989	0	0

135.448	38.955	0	0

135.564	38.916	0	0

135.685	38.876	0	0

135.812	38.834	0	0

135.947	38.789	0	0

136.091	38.744	0	0

136.247	38.697	0	0

136.418	38.649	0	0

136.609	38.602	0	0

136.833	38.556	0	0

137.110	38.513	0	0

137.542	38.468	0	0

139.387	38.640	0	0

139.572	38.623	0	0

139.780	38.577	0	0

140.034	38.531	0	0

140.383	38.487	0	0

142.594	38.586	0	0

142.817	38.556	0	0

143.105	38.505	0	0
1

159.808	39.171	1	0

159.905	39.075	0	0

160.005	39.050	0	0

160.107	39.021	0	0

160.214	38.988	0	0

160.325	38.953	0	0

160.440	38.915	0	0

160.561	38.875	0	0

160.689	38.832	0	0

160.825	38.787	0	0

160.969	38.741	0	0

161.126	38.695	0	0

161.298	38.647	0	0

161.491	38.599	0	0

161.717	38.554	0	0

162.000	38.510	0	0

162.456	38.465	0	0
1

176.504	39.162	1	0

176.602	39.071	0	0

176.703	39.044	0	0

176.807	39.013	0	0

176.915	38.979	0	0

177.028	38.943	0	0

177.146	38.904	0	0

177.269	38.861	0	0

177.400	38.817	0	0

177.540	38.770	0	0

177.690	38.722	0	0

177.854	38.674	0	0

178.036	38.626	0	0

178.245	38.576	0	0

178.501	38.529	0	0

178.860	38.484	0	0
1

196.855	39.171	1	0

196.952	39.076	0	0

197.051	39.050	0	0

197.154	39.022	0	0

197.260	38.989	0	0

197.371	38.954	0	0

197.486	38.916	0	0

197.607	38.876	0	0

197.735	38.834	0	0

197.870	38.789	0	0

198.014	38.744	0	0

198.170	38.696	0	0

198.341	38.648	0	0

198.533	38.601	0	0

198.757	38.556	0	0

199.036	38.512	0	0

199.474	38.468	0	0
1

213.442	39.162	1	0

213.540	39.071	0	0

213.641	39.044	0	0

213.745	39.013	0	0

213.853	38.979	0	0

213.966	38.943	0	0

214.084	38.904	0	0

214.207	38.862	0	0

214.338	38.817	0	0

214.478	38.770	0	0

214.628	38.723	0	0

214.792	38.675	0	0

214.973	38.626	0	0

215.182	38.577	0	0

215.437	38.530	0	0

215.791	38.485	0	0
1

234.034	39.172	1	0

234.131	39.076	0	0

234.230	39.050	0	0

234.333	39.021	0	0

234.439	38.989	0	0

234.550	38.954	0	0

234.665	38.917	0	0

234.786	38.877	0	0

234.913	38.835	0	0

235.048	38.790	0	0

235.192	38.743	0	0

235.348	38.696	0	0

235.519	38.649	0	0

235.710	38.603	0	0

235.933	38.556	0	0

236.212	38.512	0	0

236.640	38.468	0	0

238.427	38.617	0	0

238.625	38.597	0	0

238.853	38.553	0	0

239.143	38.507	0	0

239.648	38.460	0	0
1

254.869	39.133	1	0

254.971	39.039	0	0

255.080	38.965	0	0

255.208	38.838	0	0

255.346	38.791	0	0

255.499	38.738	0	0

255.675	38.685	0	0

255.887	38.581	0	0

256.130	38.542	0	0

256.490	38.509	0	0

256.817	38.530	0	0

257.071	38.538	0	0

257.346	38.509	0	0

257.729	38.471	0	0

259.736	38.485	0	0

260.288	38.446	0	0
1

272.334	39.166	1	0

272.432	39.074	0	0

272.532	39.047	0	0

272.636	39.017	0	0

272.743	38.983	0	0

272.855	38.947	0	0

272.972	38.909	0	0

273.095	38.867	0	0

273.224	38.824	0	0

273.362	38.780	0	0

273.509	38.731	0	0

273.670	38.683	0	0

273.847	38.635	0	0

274.049	38.588	0	0

274.288	38.542	0	0

274.604	38.497	0	0

275.323	38.440	0	0
1

289.852	39.159	1	0

289.951	39.069	0	0

290.052	39.042	0	0

290.156	39.011	0	0

290.265	38.977	0	0

290.378	38.940	0	0

290.496	38.899	0	0

290.621	38.856	0	0

290.753	38.810	0	0

290.894	38.764	0	0

291.046	38.716	0	0

291.213	38.664	0	0

291.401	38.612	0	0

291.622	38.560	0	0

291.908	38.507	0	0
1

308.484	39.170	1	0

308.581	39.076	0	0

308.680	39.049	0	0

308.783	39.020	0	0

308.890	38.988	0	0

309.001	38.952	0	0

309.117	38.914	0	0

309.238	38.874	0	0

309.366	38.832	0	0

309.502	38.787	0	0

309.647	38.740	0	0

309.804	38.693	0	0

309.977	38.645	0	0

310.171	38.598	0	0

310.398	38.552	0	0

310.687	38.508	0	0

311.160	38.463	0	0
1

325.284	39.162	1	0

325.382	39.071	0	0

325.483	39.045	0	0

325.587	39.013	0	0

325.695	38.979	0	0

325.808	38.942	0	0

325.926	38.902	0	0

326.050	38.860	0	0

326.181	38.817	0	0

326.320	38.771	0	0

326.470	38.722	0	0

326.635	38.673	0	0

326.817	38.624	0	0

327.027	38.576	0	0

327.281	38.530	0	0

327.648	38.482	0	0
1

345.512	39.172	1	0

345.609	39.076	0	0

345.709	39.050	0	0

345.811	39.021	0	0

345.918	38.989	0	0

346.029	38.954	0	0

346.144	38.916	0	0

346.265	38.876	0	0

346.392	38.834	0	0

346.527	38.789	0	0

346.672	38.743	0	0

346.828	38.695	0	0

347.000	38.648	0	0

347.191	38.601	0	0

347.415	38.555	0	0

347.697	38.511	0	0

348.134	38.467	0	0
1

362.121	39.162	1	0

362.220	39.071	0	0

362.320	39.045	0	0

362.425	39.014	0	0

362.533	38.980	0	0

362.645	38.943	0	0

362.763	38.903	0	0

362.887	38.861	0	0

363.018	38.817	0	0

363.157	38.772	0	0

363.307	38.723	0	0

363.471	38.674	0	0

363.653	38.625	0	0

363.863	38.577	0	0

364.115	38.531	0	0

364.474	38.484	0	0
1

382.678	39.172	1	0

382.776	39.076	0	0

382.875	39.050	0	0

382.978	39.021	0	0

383.084	38.989	0	0

383.195	38.955	0	0

383.310	38.917	0	0

383.431	38.876	0	0

383.558	38.834	0	0

383.693	38.789	0	0

383.837	38.744	0	0

383.993	38.697	0	0

384.164	38.649	0	0

384.356	38.602	0	0

384.579	38.556	0	0

384.857	38.513	0	0

385.289	38.468	0	0

387.143	38.644	0	0

387.325	38.628	0	0

387.531	38.581	0	0

387.780	38.535	0	0

388.116	38.491	0	0
1

403.608	39.112	1	0

403.715	38.993	0	0

403.837	38.882	0	0

403.965	38.849	0	0

404.108	38.798	0	0

404.268	38.743	0	0

404.450	38.623	0	0

404.645	38.610	0	0

404.887	38.558	0	0

405.187	38.520	0	0

405.497	38.536	0	0

405.740	38.546	0	0

406.004	38.516	0	0

406.357	38.479	0	0

409.001	38.633	0	0

409.182	38.621	0	0

409.384	38.578	0	0

409.621	38.536	0	0

409.927	38.494	0	0

410.489	38.450	0	0
1

423.302	39.164	1	0

423.400	39.072	0	0

423.501	39.045	0	0

423.605	39.014	0	0

423.713	38.980	0	0

423.825	38.943	0	0

423.943	38.904	0	0

424.067	38.863	0	0

424.197	38.819	0	0

424.336	38.772	0	0

424.486	38.724	0	0

424.650	38.676	0	0

424.831	38.628	0	0

425.037	38.580	0	0

425.289	38.533	0	0

425.638	38.488	0	0
1

444.484	39.172	1	0

444.581	39.076	0	0

444.680	39.051	0	0

444.783	39.022	0	0

444.889	38.990	0	0

444.999	38.955	0	0

445.115	38.917	0	0

445.235	38.877	0	0

445.362	38.835	0	0

445.497	38.791	0	0

445.641	38.745	0	0

445.796	38.699	0	0

445.966	38.651	0	0

446.156	38.603	0	0

446.378	38.558	0	0

446.651	38.514	0	0

447.068	38.471	0	0

448.809	38.569	0	0

449.048	38.540	0	0

449.358	38.496	0	0

449.983	38.445	0	0
1

464.232	39.158	1	0

464.331	39.068	0	0

464.432	39.039	0	0

464.537	39.008	0	0

464.646	38.972	0	0

464.760	38.933	0	0

464.880	38.892	0	0

465.006	38.849	0	0

465.140	38.799	0	0

465.285	38.743	0	0

465.447	38.675	0	0

465.659	38.531	0	0
1

481.659	39.171	1	0

481.756	39.076	0	0

481.855	39.050	0	0

481.958	39.021	0	0

482.065	38.989	0	0

482.175	38.953	0	0

482.291	38.916	0	0

482.412	38.875	0	0

482.540	38.833	0	0

482.675	38.789	0	0

482.819	38.742	0	0

482.976	38.695	0	0

483.147	38.647	0	0

483.340	38.601	0	0

483.564	38.555	0	0

483.846	38.511	0	0

484.292	38.467	0	0
1

498.295	39.162	1	0

498.393	39.071	0	0

498.494	39.044	0	0

498.598	39.013	0	0

498.706	38.980	0	0

498.819	38.943	0	0

498.937	38.903	0	0

499.061	38.861	0	0

499.192	38.817	0	0

499.331	38.771	0	0

499.481	38.724	0	0

499.645	38.675	0	0

499.827	38.625	0	0

500.036	38.577	0	0

500.290	38.532	0	0

500.647	38.484	0	0
1

518.841	39.172	1	0

518.938	39.076	0	0

519.037	39.050	0	0

519.140	39.021	0	0

519.247	38.989	0	0

519.357	38.954	0	0

519.472	38.917	0	0

519.593	38.877	0	0

519.721	38.834	0	0

519.856	38.789	0	0

520.000	38.743	0	0

520.156	38.696	0	0

520.326	38.650	0	0

520.518	38.602	0	0

520.741	38.556	0	0

521.020	38.513	0	0

521.449	38.468	0	0

523.273	38.633	0	0

523.462	38.616	0	0

523.675	38.570	0	0

523.938	38.524	0	0

524.321	38.480	0	0

526.198	38.560	0	0

526.457	38.525	0	0

526.826	38.479	0	0
1

543.697	39.171	1	0

543.794	39.076	0	0

543.893	39.050	0	0

543.996	39.021	0	0

544.103	38.988	0	0

544.214	38.953	0	0

544.329	38.916	0	0

544.450	38.875	0	0

544.578	38.832	0	0

544.713	38.787	0	0

544.858	38.741	0	0

545.015	38.695	0	0

545.186	38.648	0	0

545.379	38.600	0	0

545.605	38.554	0	0

545.889	38.510	0	0

546.339	38.465	0	0
1

560.374	39.163	1	0

560.472	39.071	0	0

560.573	39.044	0	0

560.677	39.013	0	0

560.785	38.979	0	0

560.898	38.942	0	0

561.016	38.903	0	0

561.140	38.862	0	0

561.270	38.818	0	0

561.410	38.771	0	0

561.560	38.722	0	0

561.724	38.673	0	0

561.907	38.625	0	0

562.115	38.578	0	0

562.369	38.530	0	0

562.732	38.484	0	0
1

580.798	39.171	1	0

580.895	39.076	0	0

580.994	39.050	0	0

581.097	39.021	0	0

581.203	38.989	0	0

581.314	38.954	0	0

581.429	38.916	0	0

581.550	38.876	0	0

581.678	38.834	0	0

581.813	38.789	0	0

581.957	38.743	0	0

582.113	38.697	0	0

582.284	38.649	0	0

582.476	38.601	0	0

582.699	38.556	0	0

582.978	38.512	0	0

583.414	38.468	0	0
1

597.384	39.163	1	0

597.482	39.071	0	0

597.583	39.044	0	0

597.687	39.013	0	0

597.795	38.979	0	0

597.908	38.943	0	0

598.025	38.904	0	0

598.149	38.862	0	0

598.280	38.817	0	0

598.419	38.770	0	0

598.570	38.722	0	0

598.734	38.674	0	0

598.915	38.627	0	0

599.124	38.577	0	0

599.378	38.530	0	0

599.736	38.486	0	0
1

617.899	39.172	1	0

617.996	39.076	0	0

618.096	39.051	0	0

618.198	39.021	0	0

618.305	38.989	0	0

618.415	38.954	0	0

618.531	38.916	0	0

618.652	38.876	0	0

618.779	38.834	0	0

618.914	38.790	0	0

619.058	38.744	0	0

619.214	38.696	0	0

619.385	38.648	0	0

619.577	38.602	0	0

619.799	38.557	0	0

620.078	38.512	0	0

620.511	38.469	0	0

622.373	38.648	0	0

622.554	38.632	0	0

622.757	38.587	0	0

622.998	38.541	0	0

623.320	38.495	0	0

624.367	38.419	0	0
1

642.588	39.172	1	0

642.685	39.076	0	0

642.785	39.050	0	0

642.887	39.022	0	0

642.993	38.990	0	0

643.104	38.955	0	0

643.219	38.917	0	0

643.340	38.877	0	0

643.467	38.835	0	0

643.602	38.791	0	0

643.745	38.745	0	0

643.901	38.698	0	0

644.071	38.650	0	0

644.262	38.603	0	0

644.483	38.557	0	0

644.758	38.514	0	0

645.178	38.470	0	0

646.925	38.579	0	0

647.152	38.552	0	0

647.438	38.508	0	0

647.899	38.463	0	0
1

662.351	39.158	1	0

662.450	39.068	0	0

662.551	39.039	0	0

662.656	39.007	0	0

662.765	38.972	0	0

662.879	38.933	0	0

662.999	38.893	0	0

663.125	38.848	0	0

663.259	38.797	0	0

663.405	38.741	0	0

663.568	38.669	0	0

663.794	38.502	0	0
1

679.775	39.171	1	0

679.872	39.076	0	0

679.972	39.050	0	0

680.074	39.021	0	0

680.181	38.988	0	0

680.292	38.953	0	0

680.407	38.915	0	0

680.528	38.876	0	0

680.656	38.833	0	0

680.791	38.789	0	0

680.935	38.742	0	0

681.092	38.695	0	0

681.263	38.647	0	0

681.456	38.601	0	0

681.680	38.555	0	0

681.963	38.511	0	0

682.407	38.467	0	0
1

696.415	39.162	1	0

696.513	39.071	0	0

696.614	39.044	0	0

696.718	39.014	0	0

696.826	38.980	0	0

696.939	38.943	0	0

697.056	38.903	0	0

697.180	38.861	0	0

697.311	38.817	0	0

697.451	38.771	0	0

697.601	38.724	0	0

697.764	38.674	0	0

697.947	38.625	0	0

698.156	38.577	0	0

698.409	38.531	0	0

698.768	38.484	0	0
1

716.925	39.172	1	0

717.022	39.076	0	0

717.122	39.050	0	0

717.225	39.021	0	0

717.331	38.989	0	0

717.442	38.954	0	0

717.557	38.917	0	0

717.678	38.876	0	0

717.805	38.834	0	0

717.940	38.789	0	0

718.084	38.743	0	0

718.240	38.696	0	0

718.411	38.650	0	0

718.603	38.602	0	0

718.826	38.556	0	0

719.105	38.513	0	0

719.536	38.468	0	0

721.393	38.646	0	0

721.575	38.632	0	0

721.778	38.585	0	0

722.023	38.538	0	0

722.352	38.495	0	0
1

737.880	39.103	1	0

737.990	38.976	0	0

738.115	38.887	0	0

738.247	38.818	0	0

738.383	38.794	0	0

738.543	38.741	0	0

738.726	38.617	0	0

738.922	38.608	0	0

739.166	38.557	0	0

739.444	38.532	0	0

739.722	38.546	0	0

739.958	38.552	0	0

740.214	38.521	0	0

740.550	38.484	0	0

741.374	38.432	0	0
1

754.809	39.167	1	0

754.907	39.074	0	0

755.007	39.048	0	0

755.110	39.018	0	0

755.217	38.985	0	0

755.329	38.949	0	0

755.446	38.910	0	0

755.568	38.869	0	0

755.697	38.826	0	0

755.835	38.780	0	0

755.982	38.734	0	0

756.141	38.686	0	0

756.317	38.638	0	0

756.517	38.590	0	0

756.754	38.545	0	0

757.060	38.500	0	0

757.687	38.449	0	0
1

772.125	39.161	1	0

772.224	39.070	0	0

772.325	39.043	0	0

772.429	39.011	0	0

772.538	38.977	0	0

772.651	38.940	0	0

772.769	38.901	0	0

772.893	38.860	0	0

773.024	38.814	0	0

773.165	38.767	0	0

773.316	38.718	0	0

773.482	38.668	0	0

773.667	38.620	0	0

773.880	38.570	0	0

774.147	38.520	0	0

774.570	38.469	0	0
1

791.346	39.171	1	0

791.443	39.075	0	0

791.543	39.049	0	0

791.646	39.020	0	0

791.752	38.987	0	0

791.863	38.952	0	0

791.979	38.914	0	0

792.101	38.874	0	0

792.228	38.831	0	0

792.364	38.786	0	0

792.509	38.740	0	0

792.667	38.693	0	0

792.839	38.645	0	0

793.033	38.598	0	0

793.261	38.552	0	0

793.550	38.508	0	0

794.021	38.462	0	0
1

808.146	39.163	1	0

808.244	39.071	0	0

808.345	39.044	0	0

808.449	39.013	0	0

808.557	38.979	0	0

808.670	38.942	0	0

808.788	38.903	0	0

808.912	38.861	0	0

809.042	38.817	0	0

809.182	38.770	0	0

809.332	38.722	0	0

809.497	38.673	0	0

809.679	38.625	0	0

809.888	38.577	0	0

810.144	38.529	0	0

810.511	38.483	0	0
1

828.399	39.171	1	0

828.496	39.076	0	0

828.596	39.050	0	0

828.699	39.021	0	0

828.805	38.989	0	0

828.916	38.954	0	0

829.031	38.916	0	0

829.152	38.876	0	0

829.280	38.833	0	0

829.415	38.789	0	0

829.559	38.743	0	0

829.715	38.696	0	0

829.886	38.649	0	0

830.079	38.601	0	0

830.303	38.555	0	0

830.584	38.512	0	0

831.022	38.467	0	0
1

845.010	39.163	1	0

845.108	39.071	0	0

845.209	39.044	0	0

845.313	39.013	0	0

845.421	38.979	0	0

845.534	38.942	0	0

845.652	38.903	0	0

845.776	38.862	0	0

845.906	38.818	0	0

846.046	38.771	0	0

846.196	38.722	0	0

846.360	38.674	0	0

846.542	38.625	0	0

846.750	38.578	0	0

847.004	38.530	0	0

847.365	38.485	0	0
1

865.518	39.171	1	0

865.615	39.076	0	0

865.714	39.050	0	0

865.817	39.021	0	0

865.923	38.989	0	0

866.034	38.954	0	0

866.149	38.916	0	0

866.270	38.876	0	0

866.397	38.834	0	0

866.532	38.789	0	0

866.676	38.744	0	0

866.832	38.697	0	0

867.003	38.649	0	0

867.195	38.602	0	0

867.418	38.556	0	0

867.696	38.512	0	0

868.130	38.468	0	0

870.041	38.665	0	0

870.215	38.651	0	0

870.407	38.605	0	0

870.632	38.559	0	0

870.914	38.513	0	0

871.389	38.464	0	0
1

890.209	39.172	1	0

890.306	39.076	0	0

890.406	39.051	0	0

890.508	39.022	0	0

890.615	38.990	0	0

890.725	38.955	0	0

890.840	38.917	0	0

890.961	38.877	0	0

891.088	38.835	0	0

891.223	38.790	0	0

891.367	38.745	0	0

891.522	38.698	0	0

891.692	38.651	0	0

891.883	38.603	0	0

892.105	38.557	0	0

892.380	38.515	0	0

892.799	38.470	0	0

894.541	38.577	0	0

894.770	38.551	0	0

895.058	38.507	0	0

895.538	38.462	0	0
1

909.991	39.159	1	0

910.089	39.068	0	0

910.190	39.039	0	0

910.295	39.007	0	0

910.405	38.971	0	0

910.519	38.932	0	0

910.639	38.890	0	0

910.765	38.846	0	0

910.900	38.796	0	0

911.047	38.736	0	0

911.215	38.650	0	0

911.695	38.430	0	0
1

927.364	39.171	1	0

927.461	39.076	0	0

927.560	39.050	0	0

927.663	39.021	0	0

927.769	38.989	0	0

927.880	38.953	0	0

927.996	38.915	0	0

928.117	38.875	0	0

928.244	38.833	0	0

928.380	38.789	0	0

928.524	38.742	0	0

928.680	38.695	0	0

928.852	38.647	0	0

929.045	38.600	0	0

929.270	38.555	0	0

929.552	38.511	0	0

930.001	38.466	0	0
1

944.018	39.162	1	0

944.116	39.071	0	0

944.217	39.044	0	0

944.321	39.013	0	0

944.429	38.980	0	0

944.542	38.943	0	0

944.660	38.903	0	0

944.784	38.861	0	0

944.915	38.816	0	0

945.054	38.770	0	0

945.204	38.723	0	0

945.368	38.675	0	0

945.550	38.625	0	0

945.759	38.576	0	0

946.014	38.531	0	0

946.370	38.484	0	0
1

964.490	39.172	1	0

964.587	39.076	0	0

964.687	39.050	0	0

964.789	39.021	0	0

964.896	38.989	0	0

965.006	38.954	0	0

965.122	38.916	0	0

965.243	38.877	0	0

965.370	38.834	0	0

965.505	38.789	0	0

965.649	38.743	0	0

965.805	38.696	0	0

965.976	38.649	0	0

966.168	38.602	0	0

966.391	38.556	0	0

966.671	38.512	0	0

967.101	38.468	0	0

968.942	38.641	0	0

969.126	38.625	0	0

969.333	38.581	0	0

969.583	38.533	0	0

969.930	38.488	0	0
1

985.394	39.127	1	0

985.498	39.019	0	0

985.613	38.920	0	0

985.747	38.869	0	0

985.893	38.809	0	0

986.053	38.708	0	0

986.222	38.665	0	0

986.437	38.607	0	0

986.693	38.538	0	0

987.021	38.524	0	0

987.309	38.542	0	0

987.550	38.545	0	0

987.816	38.514	0	0

988.176	38.476	0	0

990.509	38.515	0	0

990.831	38.484	0	0

991.433	38.442	0	0
1

1003.259	39.165	1	0

1003.357	39.073	0	0

1003.458	39.046	0	0

1003.562	39.016	0	0

1003.669	38.983	0	0

1003.781	38.947	0	0

1003.898	38.908	0	0

1004.021	38.866	0	0

1004.151	38.822	0	0

1004.290	38.776	0	0

1004.438	38.729	0	0

1004.599	38.682	0	0

1004.778	38.633	0	0

1004.981	38.585	0	0

1005.225	38.539	0	0

1005.548	38.495	0	0

1006.638	38.417	0	0
1

1021.070	39.158	1	0

1021.169	39.068	0	0

1021.270	39.040	0	0

1021.375	39.009	0	0

1021.483	38.975	0	0

1021.597	38.936	0	0

1021.716	38.895	0	0

1021.841	38.850	0	0

1021.975	38.802	0	0

1022.119	38.752	0	0

1022.275	38.701	0	0

1022.450	38.637	0	0

1022.677	38.523	0	0
1

1038.810	39.170	1	0

1038.907	39.075	0	0

1039.006	39.050	0	0

1039.109	39.021	0	0

1039.216	38.988	0	0

1039.327	38.953	0	0

1039.442	38.915	0	0

1039.564	38.875	0	0

1039.691	38.832	0	0

1039.827	38.788	0	0

1039.972	38.742	0	0

1040.128	38.694	0	0

1040.300	38.646	0	0

1040.494	38.599	0	0

1040.720	38.554	0	0

1041.004	38.510	0	0

1041.465	38.465	0	0
1

1055.531	39.162	1	0

1055.629	39.071	0	0

1055.730	39.044	0	0

1055.834	39.013	0	0

1055.942	38.980	0	0

1056.055	38.943	0	0

1056.173	38.903	0	0

1056.296	38.861	0	0

1056.428	38.816	0	0

1056.567	38.770	0	0

1056.717	38.724	0	0

1056.881	38.674	0	0

1057.063	38.625	0	0

1057.273	38.576	0	0

1057.528	38.531	0	0

1057.888	38.483	0	0
1

1075.881	39.172	1	0

1075.978	39.076	0	0

1076.077	39.050	0	0

1076.180	39.021	0	0

1076.286	38.989	0	0

1076.397	38.954	0	0

1076.512	38.916	0	0

1076.633	38.876	0	0

1076.761	38.834	0	0

1076.895	38.789	0	0

1077.040	38.743	0	0

1077.196	38.696	0	0

1077.367	38.648	0	0

1077.559	38.602	0	0

1077.782	38.556	0	0

1078.063	38.512	0	0

1078.498	38.468	0	0

1080.679	38.749	0	0

1080.827	38.744	0	0

1080.985	38.699	0	0

1081.159	38.649	0	0

1081.357	38.600	0	0

1081.591	38.553	0	0

1081.898	38.504	0	0

1082.593	38.443	0	0
1

1100.662	39.171	1	0

1100.759	39.076	0	0

1100.859	39.050	0	0

1100.962	39.021	0	0

1101.068	38.988	0	0

1101.179	38.953	0	0

1101.295	38.915	0	0

1101.416	38.875	0	0

1101.543	38.833	0	0

1101.678	38.789	0	0

1101.823	38.742	0	0

1101.979	38.694	0	0

1102.151	38.647	0	0

1102.344	38.600	0	0

1102.568	38.555	0	0

1102.851	38.510	0	0

1103.300	38.466	0	0
1

1117.318	39.162	1	0

1117.416	39.071	0	0

1117.517	39.044	0	0

1117.621	39.014	0	0

1117.729	38.980	0	0

1117.842	38.943	0	0

1117.959	38.903	0	0

1118.083	38.861	0	0

1118.214	38.816	0	0

1118.354	38.771	0	0

1118.504	38.724	0	0

1118.667	38.674	0	0

1118.850	38.625	0	0

1119.059	38.577	0	0

1119.313	38.532	0	0

1119.671	38.484	0	0
1

1137.834	39.172	1	0

1137.931	39.076	0	0

1138.030	39.050	0	0

1138.133	39.021	0	0

1138.240	38.989	0	0

1138.350	38.954	0	0

1138.465	38.917	0	0

1138.586	38.876	0	0

1138.714	38.834	0	0

1138.849	38.789	0	0

1138.993	38.743	0	0

1139.149	38.696	0	0

1139.320	38.650	0	0

1139.511	38.602	0	0

1139.735	38.555	0	0

1140.014	38.512	0	0

1140.444	38.468	0	0

1142.283	38.640	0	0

1142.468	38.623	0	0

1142.676	38.578	0	0

1142.929	38.531	0	0

1143.282	38.487	0	0

1145.535	38.607	0	0

1145.741	38.584	0	0

1145.989	38.532	0	0

1146.376	38.463	0	0
1

1162.793	39.170	1	0

1162.890	39.075	0	0

1162.990	39.049	0	0

1163.093	39.020	0	0

1163.199	38.987	0	0

1163.310	38.953	0	0

1163.426	38.915	0	0

1163.547	38.874	0	0

1163.675	38.831	0	0

1163.811	38.786	0	0

1163.957	38.740	0	0

1164.114	38.693	0	0

1164.286	38.645	0	0

1164.481	38.597	0	0

1164.708	38.552	0	0

1164.996	38.509	0	0

1165.472	38.462	0	0
1

1179.590	39.162	1	0

1179.689	39.071	0	0

1179.789	39.044	0	0

1179.894	39.013	0	0

1180.002	38.979	0	0

1180.115	38.943	0	0

1180.232	38.904	0	0

1180.356	38.861	0	0

1180.487	38.816	0	0

1180.627	38.769	0	0

1180.778	38.722	0	0

1180.942	38.674	0	0

1181.123	38.625	0	0

1181.333	38.576	0	0

1181.590	38.528	0	0

1181.952	38.483	0	0
1

1199.821	39.171	1	0

1199.918	39.076	0	0

1200.017	39.050	0	0

1200.120	39.021	0	0

1200.226	38.989	0	0

1200.337	38.954	0	0

1200.453	38.916	0	0

1200.574	38.876	0	0

1200.701	38.833	0	0

1200.836	38.789	0	0

1200.981	38.743	0	0

1201.136	38.696	0	0

1201.308	38.648	0	0

1201.500	38.601	0	0

1201.725	38.555	0	0

1202.004	38.512	0	0

1202.446	38.467	0	0
1

1216.437	39.162	1	0

1216.536	39.071	0	0

1216.636	39.044	0	0

1216.741	39.013	0	0

1216.849	38.979	0	0

1216.962	38.943	0	0

1217.079	38.904	0	0

1217.203	38.862	0	0

1217.334	38.817	0	0

1217.473	38.770	0	0

1217.624	38.722	0	0

1217.788	38.674	0	0

1217.969	38.626	0	0

1218.178	38.577	0	0

1218.433	38.530	0	0

1218.791	38.485	0	0
1

1236.896	39.171	1	0

1236.993	39.076	0	0

1237.093	39.051	0	0

1237.196	39.021	0	0

1237.302	38.989	0	0

1237.413	38.954	0	0

1237.528	38.916	0	0

1237.649	38.876	0	0

1237.776	38.834	0	0

1237.911	38.790	0	0

1238.055	38.743	0	0

1238.211	38.696	0	0

1238.382	38.649	0	0

1238.574	38.602	0	0

1238.797	38.557	0	0

1239.076	38.512	0	0

1239.510	38.468	0	0

1241.438	38.672	0	0

1241.609	38.660	0	0

1241.797	38.614	0	0

1242.014	38.568	0	0

1242.285	38.520	0	0

1242.699	38.474	0	0
1

1261.585	39.172	1	0

1261.682	39.076	0	0

1261.781	39.051	0	0

1261.884	39.022	0	0

1261.990	38.990	0	0

1262.100	38.955	0	0

1262.216	38.917	0	0

1262.336	38.877	0	0

1262.463	38.835	0	0

1262.598	38.791	0	0

1262.742	38.745	0	0

1262.897	38.698	0	0

1263.067	38.650	0	0

1263.258	38.603	0	0

1263.480	38.558	0	0

1263.754	38.514	0	0

1264.174	38.470	0	0

1265.921	38.578	0	0

1266.149	38.551	0	0

1266.436	38.507	0	0

1266.907	38.462	0	0
1

1281.345	39.158	1	0

1281.444	39.067	0	0

1281.545	39.039	0	0

1281.650	39.007	0	0

1281.760	38.972	0	0

1281.874	38.933	0	0

1281.993	38.893	0	0

1282.119	38.848	0	0

1282.253	38.798	0	0

1282.399	38.741	0	0

1282.562	38.669	0	0

1282.787	38.503	0	0
1

1298.770	39.171	1	0

1298.867	39.076	0	0

1298.967	39.050	0	0

1299.069	39.021	0	0

1299.176	38.988	0	0

1299.287	38.953	0	0

1299.402	38.915	0	0

1299.523	38.876	0	0

1299.651	38.833	0	0

1299.786	38.789	0	0

1299.930	38.742	0	0

1300.087	38.695	0	0

1300.258	38.647	0	0

1300.451	38.601	0	0

1300.675	38.554	0	0

1300.958	38.511	0	0

1301.402	38.467	0	0
1

1315.409	39.162	1	0

1315.508	39.071	0	0

1315.608	39.044	0	0

1315.712	39.014	0	0

1315.821	38.980	0	0

1315.933	38.943	0	0

1316.051	38.903	0	0

1316.175	38.861	0	0

1316.306	38.817	0	0

1316.446	38.771	0	0

1316.595	38.724	0	0

1316.759	38.674	0	0

1316.941	38.625	0	0

1317.151	38.577	0	0

1317.404	38.531	0	0

1317.762	38.484	0	0
1

1335.923	39.172	1	0

1336.020	39.076	0	0

1336.120	39.050	0	0

1336.222	39.021	0	0

1336.329	38.989	0	0

1336.439	38.954	0	0

1336.554	38.917	0	0

1336.675	38.876	0	0

1336.803	38.834	0	0

1336.938	38.789	0	0

1337.082	38.743	0	0

1337.238	38.696	0	0

1337.409	38.649	0	0

1337.600	38.602	0	0

1337.824	38.556	0	0

1338.103	38.513	0	0

1338.533	38.468	0	0

1340.388	38.645	0	0

1340.570	38.631	0	0

1340.774	38.584	0	0

1341.020	38.537	0	0

1341.353	38.493	0	0
1

1356.871	39.106	1	0

1356.980	38.981	0	0

1357.104	38.871	0	0

1357.235	38.825	0	0

1357.373	38.796	0	0

1357.533	38.743	0	0

1357.714	38.620	0	0

1357.908	38.610	0	0

1358.152	38.555	0	0

1358.431	38.532	0	0

1358.713	38.544	0	0

1358.951	38.551	0	0

1359.207	38.521	0	0

1359.543	38.484	0	0

1360.374	38.432	0	0
1

1373.805	39.167	1	0

1373.903	39.074	0	0

1374.003	39.047	0	0

1374.107	39.018	0	0

1374.214	38.985	0	0

1374.326	38.949	0	0

1374.442	38.910	0	0

1374.565	38.869	0	0

1374.694	38.825	0	0

1374.831	38.780	0	0

1374.978	38.734	0	0

1375.138	38.687	0	0

1375.314	38.638	0	0

1375.514	38.590	0	0

1375.750	38.545	0	0

1376.057	38.500	0	0

1376.683	38.449	0	0
1

1391.121	39.161	1	0

1391.219	39.070	0	0

1391.320	39.043	0	0

1391.424	39.012	0	0

1391.533	38.977	0	0

1391.646	38.940	0	0

1391.764	38.901	0	0

1391.888	38.860	0	0

1392.020	38.814	0	0

1392.160	38.767	0	0

1392.311	38.718	0	0

1392.477	38.668	0	0

1392.662	38.620	0	0

1392.875	38.570	0	0

1393.142	38.520	0	0

1393.565	38.469	0	0
1

1410.343	39.171	1	0

1410.440	39.075	0	0

1410.540	39.049	0	0

1410.643	39.020	0	0

1410.750	38.987	0	0

1410.861	38.952	0	0

1410.977	38.914	0	0

1411.098	38.874	0	0

1411.226	38.831	0	0

1411.362	38.786	0	0

1411.507	38.740	0	0

1411.664	38.693	0	0

1411.837	38.645	0	0

1412.031	38.598	0	0

1412.258	38.552	0	0

1412.547	38.508	0	0

1413.018	38.462	0	0
1

1427.142	39.163	1	0

1427.241	39.071	0	0

1427.341	39.044	0	0

1427.446	39.013	0	0

1427.554	38.979	0	0

1427.667	38.942	0	0

1427.785	38.903	0	0

1427.908	38.861	0	0

1428.039	38.817	0	0

1428.179	38.770	0	0

1428.329	38.722	0	0

1428.493	38.673	0	0

1428.676	38.625	0	0

1428.885	38.577	0	0

1429.140	38.529	0	0

1429.507	38.483	0	0
1

1447.398	39.171	1	0

1447.495	39.076	0	0

1447.594	39.050	0	0

1447.697	39.021	0	0

1447.804	38.989	0	0

1447.914	38.954	0	0

1448.030	38.917	0	0

1448.151	38.876	0	0

1448.278	38.833	0	0

1448.413	38.788	0	0

1448.558	38.742	0	0

1448.714	38.696	0	0

1448.885	38.649	0	0

1449.077	38.601	0	0

1449.301	38.555	0	0

1449.582	38.512	0	0

1450.021	38.467	0	0
1

1464.008	39.163	1	0

1464.106	39.071	0	0

1464.207	39.044	0	0

1464.311	39.013	0	0

1464.419	38.979	0	0

1464.532	38.942	0	0

1464.650	38.903	0	0

1464.774	38.862	0	0

1464.905	38.818	0	0

1465.044	38.771	0	0

1465.194	38.723	0	0

1465.358	38.674	0	0

1465.540	38.625	0	0

1465.748	38.578	0	0

1466.002	38.530	0	0

1466.363	38.485	0	0
1

1484.517	39.172	1	0

1484.614	39.076	0	0

1484.713	39.050	0	0

1484.816	39.021	0	0

1484.922	38.990	0	0

1485.033	38.954	0	0

1485.148	38.916	0	0

1485.269	38.876	0	0

1485.396	38.834	0	0

1485.531	38.789	0	0

1485.675	38.744	0	0

1485.831	38.697	0	0

1486.002	38.649	0	0

1486.194	38.602	0	0

1486.417	38.556	0	0

1486.695	38.513	0	0

1487.129	38.468	0	0

1489.039	38.664	0	0

1489.213	38.651	0	0

1489.406	38.605	0	0

1489.631	38.558	0	0

1489.914	38.512	0	0

1490.393	38.463	0	0
1

1509.209	39.172	1	0

1509.306	39.076	0	0

1509.405	39.050	0	0

1509.507	39.022	0	0

1509.614	38.990	0	0

1509.724	38.955	0	0

1509.839	38.917	0	0

1509.960	38.877	0	0

1510.087	38.834	0	0

1510.222	38.790	0	0

1510.366	38.744	0	0

1510.521	38.698	0	0

1510.691	38.650	0	0

1510.882	38.603	0	0

1511.104	38.557	0	0

1511.379	38.515	0	0

1511.798	38.470	0	0

1513.540	38.577	0	0

1513.769	38.551	0	0

1514.057	38.507	0	0

1514.538	38.462	0	0
1

1528.990	39.159	1	0

1529.088	39.068	0	0

1529.190	39.039	0	0

1529.295	39.007	0	0

1529.404	38.971	0	0

1529.518	38.932	0	0

1529.638	38.890	0	0

1529.764	38.846	0	0

1529.899	38.796	0	0

1530.046	38.736	0	0

1530.214	38.650	0	0

1530.691	38.429	0	0
1

1546.363	39.171	1	0

1546.460	39.076	0	0

1546.560	39.050	0	0

1546.662	39.021	0	0

1546.769	38.989	0	0

1546.880	38.953	0	0

1546.995	38.915	0	0

1547.116	38.875	0	0

1547.244	38.833	0	0

1547.379	38.789	0	0

1547.523	38.742	0	0

1547.680	38.695	0	0

1547.852	38.647	0	0

1548.045	38.600	0	0

1548.269	38.555	0	0

1548.551	38.511	0	0

1549.000	38.466	0	0
1

1563.017	39.162	1	0

1563.115	39.071	0	0

1563.216	39.044	0	0

1563.320	39.013	0	0

1563.429	38.980	0	0

1563.541	38.943	0	0

1563.659	38.903	0	0

1563.783	38.861	0	0

1563.914	38.816	0	0

1564.054	38.770	0	0

1564.204	38.723	0	0

1564.367	38.675	0	0

1564.549	38.625	0	0

1564.759	38.576	0	0

1565.013	38.531	0	0

1565.369	38.484	0	0
1

1583.490	39.172	1	0

1583.587	39.076	0	0

1583.686	39.050	0	0

1583.789	39.021	0	0

1583.895	38.989	0	0

1584.006	38.954	0	0

1584.121	38.916	0	0

1584.242	38.877	0	0

1584.369	38.834	0	0

1584.504	38.789	0	0

1584.648	38.743	0	0

1584.804	38.696	0	0

1584.975	38.649	0	0

1585.167	38.602	0	0

1585.390	38.556	0	0

1585.670	38.512	0	0

1586.101	38.468	0	0

1587.941	38.641	0	0

1588.125	38.625	0	0

1588.332	38.581	0	0

1588.582	38.533	0	0

1588.929	38.488	0	0
1

1604.393	39.127	1	0

1604.497	39.019	0	0

1604.613	38.920	0	0

1604.746	38.869	0	0

1604.892	38.809	0	0

1605.052	38.708	0	0

1605.221	38.665	0	0

1605.437	38.607	0	0

1605.692	38.538	0	0

1606.020	38.524	0	0

1606.308	38.542	0	0

1606.549	38.545	0	0

1606.815	38.515	0	0

1607.175	38.477	0	0

1609.508	38.515	0	0

1609.830	38.484	0	0

1610.436	38.442	0	0
1

1622.259	39.165	1	0

1622.357	39.073	0	0

1622.457	39.046	0	0

1622.561	39.016	0	0

1622.669	38.982	0	0

1622.781	38.947	0	0

1622.898	38.908	0	0

1623.021	38.866	0	0

1623.151	38.822	0	0

1623.289	38.776	0	0

1623.438	38.729	0	0

1623.599	38.682	0	0

1623.777	38.633	0	0

1623.981	38.585	0	0

1624.224	38.539	0	0

1624.547	38.495	0	0

1625.637	38.417	0	0
1

1640.069	39.157	1	0

1640.168	39.068	0	0

1640.269	39.040	0	0

1640.374	39.009	0	0

1640.483	38.975	0	0

1640.596	38.936	0	0

1640.715	38.895	0	0

1640.841	38.850	0	0

1640.975	38.802	0	0

1641.118	38.752	0	0

1641.274	38.701	0	0

1641.450	38.637	0	0

1641.676	38.523	0	0
1

1657.809	39.171	1	0

1657.906	39.076	0	0

1658.006	39.050	0	0

1658.109	39.021	0	0

1658.215	38.988	0	0

1658.326	38.953	0	0

1658.442	38.915	0	0

1658.563	38.874	0	0

1658.691	38.832	0	0

1658.826	38.788	0	0

1658.971	38.742	0	0

1659.128	38.694	0	0

1659.300	38.646	0	0

1659.494	38.599	0	0

1659.719	38.554	0	0

1660.004	38.509	0	0

1660.465	38.465	0	0
1

1674.530	39.161	1	0

1674.628	39.071	0	0

1674.729	39.044	0	0

1674.833	39.013	0	0

1674.941	38.980	0	0

1675.054	38.943	0	0

1675.172	38.903	0	0

1675.296	38.860	0	0

1675.427	38.816	0	0

1675.567	38.770	0	0

1675.717	38.724	0	0

1675.880	38.674	0	0

1676.063	38.624	0	0

1676.273	38.576	0	0

1676.528	38.531	0	0

1676.887	38.483	0	0
1

1694.880	39.172	1	0

1694.977	39.076	0	0

1695.076	39.050	0	0

1695.179	39.021	0	0

1695.286	38.989	0	0

1695.396	38.954	0	0

1695.512	38.916	0	0

1695.633	38.876	0	0

1695.760	38.834	0	0

1695.895	38.789	0	0

1696.039	38.743	0	0

1696.195	38.696	0	0

1696.367	38.648	0	0

1696.559	38.602	0	0

1696.782	38.556	0	0

1697.062	38.512	0	0

1697.497	38.468	0	0

1699.680	38.749	0	0

1699.828	38.745	0	0

1699.986	38.699	0	0

1700.160	38.649	0	0

1700.357	38.600	0	0

1700.591	38.554	0	0

1700.897	38.505	0	0

1701.580	38.444	0	0
1

1719.662	39.171	1	0

1719.759	39.076	0	0

1719.858	39.050	0	0

1719.961	39.021	0	0

1720.067	38.988	0	0

1720.178	38.953	0	0

1720.294	38.915	0	0

1720.415	38.875	0	0

1720.542	38.833	0	0

1720.678	38.788	0	0

1720.822	38.742	0	0

1720.979	38.694	0	0

1721.151	38.647	0	0

1721.343	38.600	0	0

1721.568	38.555	0	0

1721.851	38.510	0	0

1722.299	38.466	0	0
1

1736.317	39.162	1	0

1736.415	39.071	0	0

1736.516	39.044	0	0

1736.620	39.014	0	0

1736.728	38.980	0	0

1736.841	38.943	0	0

1736.959	38.903	0	0

1737.083	38.861	0	0

1737.214	38.816	0	0

1737.353	38.771	0	0

1737.503	38.724	0	0

1737.667	38.674	0	0

1737.849	38.625	0	0

1738.058	38.576	0	0

1738.312	38.531	0	0

1738.670	38.484	0	0
1

1756.833	39.172	1	0

1756.930	39.076	0	0

1757.030	39.050	0	0

1757.133	39.021	0	0

1757.239	38.989	0	0

1757.350	38.954	0	0

1757.465	38.917	0	0

1757.586	38.876	0	0

1757.713	38.834	0	0

1757.848	38.789	0	0

1757.992	38.743	0	0

1758.148	38.696	0	0

1758.319	38.650	0	0

1758.511	38.602	0	0

1758.734	38.556	0	0

1759.013	38.512	0	0

1759.443	38.468	0	0

1761.282	38.640	0	0

1761.467	38.623	0	0

1761.675	38.578	0	0

1761.928	38.531	0	0

1762.282	38.487	0	0

1764.525	38.604	0	0

1764.733	38.580	0	0

1764.985	38.528	0	0

1765.392	38.457	0	0
1

1781.792	39.170	1	0

1781.889	39.075	0	0

1781.989	39.049	0	0

1782.092	39.020	0	0

1782.199	38.987	0	0

1782.310	38.953	0	0

1782.425	38.915	0	0

1782.547	38.874	0	0

1782.675	38.831	0	0

1782.810	38.786	0	0

1782.956	38.740	0	0

1783.113	38.693	0	0

1783.285	38.645	0	0

1783.480	38.597	0	0

1783.708	38.552	0	0

1783.995	38.509	0	0

1784.472	38.462	0	0
1

1798.589	39.162	1	0

1798.688	39.071	0	0

1798.788	39.044	0	0

1798.893	39.013	0	0

1799.001	38.979	0	0

1799.114	38.942	0	0

1799.231	38.904	0	0

1799.355	38.861	0	0

1799.486	38.816	0	0

1799.626	38.769	0	0

1799.777	38.722	0	0

1799.941	38.674	0	0

1800.122	38.625	0	0

1800.332	38.576	0	0

1800.589	38.529	0	0

1800.951	38.483	0	0
1

1818.820	39.171	1	0

1818.917	39.076	0	0

1819.017	39.050	0	0

1819.119	39.021	0	0

1819.226	38.989	0	0

1819.337	38.954	0	0

1819.452	38.916	0	0

1819.573	38.875	0	0

1819.700	38.833	0	0

1819.836	38.789	0	0

1819.980	38.743	0	0

1820.136	38.696	0	0

1820.307	38.648	0	0

1820.500	38.600	0	0

1820.724	38.555	0	0

1821.004	38.512	0	0

1821.446	38.467	0	0
1

1835.437	39.162	1	0

1835.535	39.071	0	0

1835.636	39.044	0	0

1835.740	39.013	0	0

1835.848	38.979	0	0

1835.961	38.943	0	0

1836.079	38.904	0	0

1836.202	38.862	0	0

1836.333	38.817	0	0

1836.473	38.770	0	0

1836.623	38.722	0	0

1836.787	38.674	0	0

1836.968	38.626	0	0

1837.177	38.577	0	0

1837.433	38.530	0	0

1837.790	38.485	0	0
1

1855.896	39.172	1	0

1855.993	39.076	0	0

1856.092	39.050	0	0

1856.195	39.021	0	0

1856.301	38.989	0	0

1856.412	38.954	0	0

1856.527	38.916	0	0

1856.648	38.876	0	0

1856.776	38.834	0	0

1856.911	38.790	0	0

1857.055	38.744	0	0

1857.211	38.696	0	0

1857.382	38.648	0	0

1857.574	38.602	0	0

1857.796	38.557	0	0

1858.075	38.512	0	0

1858.510	38.469	0	0

1860.438	38.672	0	0

1860.609	38.660	0	0

1860.797	38.614	0	0

1861.014	38.567	0	0

1861.284	38.520	0	0

1861.699	38.474	0	0
1

1880.585	39.172	1	0

1880.682	39.076	0	0

1880.781	39.051	0	0

1880.883	39.022	0	0

1880.990	38.990	0	0

1881.100	38.955	0	0

1881.215	38.917	0	0

1881.336	38.877	0	0

1881.463	38.835	0	0

1881.598	38.791	0	0

1881.742	38.745	0	0

1881.897	38.698	0	0

1882.067	38.650	0	0

1882.258	38.603	0	0

1882.479	38.558	0	0

1882.754	38.514	0	0

1883.174	38.470	0	0

1884.920	38.578	0	0

1885.148	38.551	0	0

1885.436	38.507	0	0

1885.907	38.462	0	0
1

1900.345	39.158	1	0

1900.444	39.067	0	0

1900.545	39.039	0	0

1900.650	39.007	0	0

1900.759	38.972	0	0

1900.873	38.933	0	0

1900.993	38.893	0	0

1901.119	38.848	0	0

1901.253	38.798	0	0

1901.398	38.741	0	0

1901.562	38.669	0	0

1901.787	38.504	0	0
1

1917.769	39.171	1	0

1917.867	39.076	0	0

1917.966	39.050	0	0

1918.069	39.021	0	0

1918.175	38.988	0	0

1918.286	38.953	0	0

1918.402	38.916	0	0

1918.523	38.876	0	0

1918.650	38.834	0	0

1918.785	38.789	0	0

1918.930	38.742	0	0

1919.086	38.695	0	0

1919.258	38.647	0	0

1919.451	38.601	0	0

1919.675	38.555	0	0

1919.957	38.511	0	0

1920.402	38.466	0	0
1

1934.409	39.162	1	0

1934.507	39.071	0	0

1934.608	39.044	0	0

1934.712	39.014	0	0

1934.820	38.980	0	0

1934.933	38.943	0	0

1935.051	38.903	0	0

1935.175	38.861	0	0

1935.306	38.817	0	0

1935.445	38.771	0	0

1935.595	38.724	0	0

1935.758	38.674	0	0

1935.941	38.625	0	0

1936.150	38.577	0	0

1936.403	38.531	0	0

1936.762	38.484	0	0
1

1954.923	39.172	1	0

1955.020	39.076	0	0

1955.119	39.050	0	0

1955.222	39.021	0	0

1955.328	38.989	0	0

1955.439	38.954	0	0

1955.554	38.917	0	0

1955.675	38.876	0	0

1955.802	38.834	0	0

1955.937	38.789	0	0

1956.082	38.743	0	0

1956.237	38.696	0	0

1956.408	38.649	0	0

1956.600	38.602	0	0

1956.823	38.556	0	0

1957.102	38.513	0	0

1957.533	38.468	0	0

1959.387	38.645	0	0

1959.569	38.631	0	0

1959.773	38.584	0	0

1960.019	38.537	0	0

1960.353	38.493	0	0
1

1975.871	39.106	1	0

1975.979	38.981	0	0

1976.104	38.871	0	0

1976.234	38.826	0	0

1976.372	38.796	0	0

1976.533	38.743	0	0

1976.713	38.620	0	0

1976.907	38.610	0	0

1977.152	38.555	0	0

1977.430	38.531	0	0

1977.712	38.544	0	0

1977.950	38.551	0	0

1978.206	38.521	0	0

1978.543	38.484	0	0

1979.373	38.432	0	0
1

1992.805	39.167	1	0

1992.903	39.074	0	0

1993.003	39.048	0	0

1993.106	39.018	0	0

1993.214	38.985	0	0

1993.325	38.949	0	0

1993.442	38.910	0	0

1993.564	38.869	0	0

1993.693	38.826	0	0

1993.831	38.780	0	0

1993.978	38.734	0	0

1994.137	38.686	0	0

1994.313	38.638	0	0

1994.513	38.590	0	0

1994.750	38.545	0	0

1995.056	38.501	0	0

1995.682	38.449	0	0
1

2010.120	39.162	1	0

2010.219	39.070	0	0

2010.319	39.043	0	0

2010.424	39.011	0	0

2010.532	38.977	0	0

2010.645	38.940	0	0

2010.764	38.901	0	0

2010.888	38.860	0	0

2011.019	38.814	0	0

2011.159	38.767	0	0

2011.311	38.717	0	0

2011.477	38.668	0	0

2011.661	38.621	0	0

2011.875	38.570	0	0

2012.142	38.520	0	0

2012.564	38.469	0	0
1

2029.343	39.170	1	0

2029.440	39.075	0	0

2029.540	39.049	0	0

2029.643	39.020	0	0

2029.749	38.988	0	0

2029.860	38.952	0	0

2029.976	38.915	0	0

2030.098	38.874	0	0

2030.225	38.831	0	0

2030.361	38.786	0	0

2030.506	38.740	0	0

2030.664	38.693	0	0

2030.836	38.645	0	0

2031.030	38.598	0	0

2031.258	38.552	0	0

2031.547	38.508	0	0

2032.018	38.462	0	0
1

2046.142	39.163	1	0

2046.240	39.071	0	0

2046.341	39.044	0	0

2046.445	39.013	0	0

2046.553	38.979	0	0

2046.666	38.942	0	0

2046.784	38.903	0	0

2046.908	38.861	0	0

2047.039	38.817	0	0

2047.178	38.770	0	0

2047.329	38.722	0	0

2047.493	38.673	0	0

2047.676	38.624	0	0

2047.884	38.577	0	0

2048.140	38.529	0	0

2048.507	38.483	0	0
1

2066.397	39.171	1	0

2066.495	39.076	0	0

2066.594	39.050	0	0

2066.697	39.021	0	0

2066.803	38.989	0	0

2066.914	38.954	0	0

2067.029	38.917	0	0

2067.150	38.876	0	0

2067.278	38.833	0	0

2067.413	38.789	0	0

2067.557	38.742	0	0

2067.713	38.696	0	0

2067.884	38.648	0	0

2068.077	38.601	0	0

2068.301	38.555	0	0

2068.582	38.512	0	0

2069.020	38.467	0	0
1

2083.008	39.163	1	0

2083.106	39.071	0	0

2083.207	39.044	0	0

2083.311	39.013	0	0

2083.419	38.979	0	0

2083.532	38.942	0	0

2083.650	38.903	0	0

2083.774	38.862	0	0

2083.904	38.818	0	0

2084.044	38.771	0	0

2084.194	38.723	0	0

2084.358	38.674	0	0

2084.540	38.625	0	0

2084.748	38.578	0	0

2085.002	38.530	0	0

2085.363	38.485	0	0
1

2103.516	39.172	1	0

2103.613	39.076	0	0

2103.713	39.050	0	0

2103.815	39.021	0	0

2103.922	38.989	0	0

2104.032	38.954	0	0

2104.148	38.916	0	0

2104.269	38.876	0	0

2104.396	38.834	0	0

2104.531	38.789	0	0

2104.675	38.744	0	0

2104.831	38.697	0	0

2105.002	38.649	0	0

2105.194	38.602	0	0

2105.417	38.556	0	0

2105.694	38.512	0	0

2106.128	38.468	0	0

2108.038	38.664	0	0

2108.212	38.651	0	0

2108.405	38.605	0	0

2108.630	38.558	0	0

2108.914	38.512	0	0

2109.393	38.463	0	0
1

2128.208	39.172	1	0

2128.305	39.076	0	0

2128.405	39.051	0	0

2128.507	39.022	0	0

2128.613	38.990	0	0

2128.724	38.955	0	0

2128.839	38.918	0	0

2128.960	38.877	0	0

2129.087	38.835	0	0

2129.221	38.790	0	0

2129.365	38.745	0	0

2129.521	38.698	0	0

2129.691	38.651	0	0

2129.882	38.603	0	0

2130.104	38.557	0	0

2130.379	38.515	0	0

2130.798	38.470	0	0

2132.540	38.577	0	0

2132.769	38.551	0	0

2133.057	38.506	0	0

2133.537	38.461	0	0
1

2147.989	39.158	1	0

2148.088	39.068	0	0

2148.189	39.039	0	0

2148.294	39.007	0	0

2148.403	38.971	0	0

2148.518	38.932	0	0

2148.637	38.890	0	0

2148.764	38.846	0	0

2148.899	38.795	0	0

2149.045	38.736	0	0

2149.213	38.650	0	0

2149.691	38.429	0	0
1

2165.363	39.171	1	0

2165.460	39.076	0	0

2165.559	39.050	0	0

2165.662	39.021	0	0

2165.768	38.989	0	0

2165.879	38.953	0	0

2165.995	38.916	0	0

2166.116	38.875	0	0

2166.243	38.833	0	0

2166.379	38.789	0	0

2166.523	38.742	0	0

2166.679	38.695	0	0

2166.851	38.647	0	0

2167.044	38.600	0	0

2167.269	38.555	0	0

2167.551	38.510	0	0

2168.000	38.467	0	0
1

2182.017	39.162	1	0

2182.115	39.071	0	0

2182.216	39.044	0	0

2182.320	39.013	0	0

2182.428	38.980	0	0

2182.541	38.943	0	0

2182.659	38.903	0	0

2182.782	38.861	0	0

2182.914	38.816	0	0

2183.053	38.770	0	0

2183.203	38.723	0	0

2183.367	38.675	0	0

2183.549	38.625	0	0

2183.758	38.576	0	0

2184.013	38.531	0	0

2184.369	38.484	0	0
1

2202.489	39.172	1	0

2202.586	39.076	0	0

2202.686	39.050	0	0

2202.788	39.021	0	0

2202.895	38.989	0	0

2203.005	38.954	0	0

2203.121	38.917	0	0

2203.242	38.876	0	0

2203.369	38.834	0	0

2203.504	38.789	0	0

2203.648	38.743	0	0

2203.804	38.696	0	0

2203.975	38.649	0	0

2204.167	38.602	0	0

2204.390	38.556	0	0

2204.670	38.512	0	0

2205.100	38.468	0	0

2206.941	38.641	0	0

2207.125	38.625	0	0

2207.332	38.581	0	0

2207.582	38.533	0	0

2207.929	38.488	0	0
1

2223.392	39.127	1	0

2223.496	39.019	0	0

2223.612	38.921	0	0

2223.746	38.868	0	0

2223.891	38.808	0	0

2224.052	38.708	0	0

2224.221	38.665	0	0

2224.436	38.607	0	0

2224.692	38.538	0	0

2225.020	38.524	0	0

2225.308	38.542	0	0

2225.549	38.545	0	0

2225.814	38.514	0	0

2226.175	38.477	0	0

2228.508	38.515	0	0

2228.830	38.484	0	0

2229.435	38.442	0	0
1

2241.258	39.165	1	0

2241.356	39.073	0	0

2241.457	39.046	0	0

2241.561	39.016	0	0

2241.668	38.983	0	0

2241.780	38.947	0	0

2241.898	38.907	0	0

2242.021	38.866	0	0

2242.151	38.822	0	0

2242.289	38.776	0	0

2242.437	38.729	0	0

2242.598	38.682	0	0

2242.777	38.633	0	0

2242.980	38.585	0	0

2243.224	38.539	0	0

2243.547	38.495	0	0

2244.637	38.417	0	0
1

2259.069	39.158	1	0

2259.168	39.068	0	0

2259.269	39.040	0	0

2259.374	39.009	0	0

2259.482	38.975	0	0

2259.596	38.936	0	0

2259.715	38.895	0	0

2259.841	38.850	0	0

2259.974	38.802	0	0

2260.118	38.752	0	0

2260.274	38.701	0	0

2260.449	38.637	0	0

2260.676	38.523	0	0
1

2276.809	39.170	1	0

2276.906	39.076	0	0

2277.006	39.050	0	0

2277.108	39.021	0	0

2277.215	38.988	0	0

2277.326	38.953	0	0

2277.442	38.915	0	0

2277.563	38.875	0	0

2277.691	38.832	0	0

2277.826	38.788	0	0

2277.971	38.741	0	0

2278.127	38.694	0	0

2278.300	38.646	0	0

2278.493	38.599	0	0

2278.719	38.554	0	0

2279.004	38.510	0	0

2279.465	38.465	0	0
1

2293.530	39.162	1	0

2293.628	39.071	0	0

2293.729	39.044	0	0

2293.833	39.013	0	0

2293.941	38.980	0	0

2294.054	38.943	0	0

2294.172	38.903	0	0

2294.296	38.861	0	0

2294.427	38.816	0	0

2294.566	38.770	0	0

2294.716	38.724	0	0

2294.880	38.674	0	0

2295.062	38.625	0	0

2295.272	38.576	0	0

2295.527	38.531	0	0

2295.887	38.483	0	0
1

2313.880	39.172	1	0

2313.977	39.076	0	0

2314.076	39.050	0	0

2314.179	39.021	0	0

2314.285	38.989	0	0

2314.396	38.954	0	0

2314.511	38.916	0	0

2314.632	38.876	0	0

2314.760	38.834	0	0

2314.895	38.789	0	0

2315.039	38.743	0	0

2315.195	38.696	0	0

2315.366	38.648	0	0

2315.558	38.602	0	0

2315.782	38.556	0	0

2316.062	38.511	0	0

2316.497	38.468	0	0

2318.680	38.749	0	0

2318.828	38.745	0	0

2318.985	38.699	0	0

2319.160	38.650	0	0

2319.357	38.600	0	0

2319.591	38.554	0	0

2319.897	38.505	0	0

2320.579	38.444	0	0
1

2338.661	39.171	1	0

2338.758	39.076	0	0

2338.858	39.050	0	0

2338.961	39.021	0	0

2339.067	38.988	0	0

2339.178	38.953	0	0

2339.294	38.916	0	0

2339.415	38.875	0	0

2339.542	38.833	0	0

2339.677	38.789	0	0

2339.822	38.742	0	0

2339.978	38.695	0	0

2340.150	38.647	0	0

2340.343	38.601	0	0

2340.567	38.554	0	0

2340.850	38.510	0	0

2341.299	38.466	0	0
1

2355.317	39.162	1	0

2355.415	39.071	0	0

2355.516	39.044	0	0

2355.620	39.014	0	0

2355.728	38.980	0	0

2355.841	38.943	0	0

2355.958	38.903	0	0

2356.082	38.861	0	0

2356.213	38.817	0	0

2356.353	38.771	0	0

2356.503	38.724	0	0

2356.666	38.674	0	0

2356.849	38.625	0	0

2357.058	38.577	0	0

2357.312	38.532	0	0

2357.670	38.484	0	0
1

2375.833	39.172	1	0

2375.930	39.076	0	0

2376.030	39.050	0	0

2376.132	39.021	0	0

2376.239	38.989	0	0

2376.349	38.954	0	0

2376.465	38.917	0	0

2376.585	38.877	0	0

2376.713	38.834	0	0

2376.848	38.789	0	0

2376.992	38.743	0	0

2377.148	38.696	0	0

2377.319	38.650	0	0

2377.510	38.602	0	0

2377.734	38.556	0	0

2378.013	38.513	0	0

2378.443	38.468	0	0

2380.282	38.640	0	0

2380.467	38.624	0	0

2380.675	38.578	0	0

2380.928	38.531	0	0

2381.281	38.487	0	0

2383.524	38.603	0	0

2383.733	38.580	0	0

2383.985	38.528	0	0

2384.393	38.457	0	0
1

2400.792	39.170	1	0

2400.889	39.075	0	0

2400.989	39.049	0	0

2401.092	39.020	0	0

2401.198	38.988	0	0

2401.309	38.953	0	0

2401.425	38.915	0	0

2401.546	38.874	0	0

2401.674	38.831	0	0

2401.810	38.786	0	0

2401.955	38.740	0	0

2402.113	38.693	0	0

2402.285	38.645	0	0

2402.480	38.598	0	0

2402.707	38.552	0	0

2402.995	38.509	0	0

2403.471	38.462	0	0
1

2417.589	39.162	1	0

2417.687	39.071	0	0

2417.788	39.043	0	0

2417.892	39.013	0	0

2418.001	38.979	0	0

2418.113	38.943	0	0

2418.231	38.904	0	0

2418.355	38.861	0	0

2418.486	38.816	0	0

2418.626	38.769	0	0

2418.776	38.722	0	0

2418.940	38.674	0	0

2419.122	38.625	0	0

2419.332	38.576	0	0

2419.589	38.528	0	0

2419.951	38.483	0	0
1

2437.820	39.171	1	0

2437.917	39.076	0	0

2438.017	39.050	0	0

2438.119	39.021	0	0

2438.226	38.989	0	0

2438.336	38.954	0	0

2438.452	38.916	0	0

2438.573	38.876	0	0

2438.700	38.833	0	0

2438.835	38.789	0	0

2438.980	38.743	0	0

2439.136	38.696	0	0

2439.307	38.648	0	0

2439.500	38.601	0	0

2439.724	38.555	0	0

2440.003	38.512	0	0

2440.445	38.467	0	0
1

2454.436	39.162	1	0

2454.535	39.071	0	0

2454.636	39.044	0	0

2454.740	39.013	0	0

2454.848	38.979	0	0

2454.961	38.943	0	0

2455.078	38.904	0	0

2455.202	38.862	0	0

2455.333	38.817	0	0

2455.473	38.770	0	0

2455.623	38.722	0	0

2455.787	38.674	0	0

2455.968	38.626	0	0

2456.177	38.577	0	0

2456.432	38.529	0	0

2456.790	38.485	0	0
1

2474.896	39.171	1	0

2474.993	39.076	0	0

2475.092	39.051	0	0

2475.195	39.021	0	0

2475.301	38.989	0	0

2475.412	38.954	0	0

2475.527	38.916	0	0

2475.648	38.876	0	0

2475.775	38.834	0	0

2475.910	38.790	0	0

2476.054	38.743	0	0

2476.210	38.696	0	0

2476.382	38.649	0	0

2476.573	38.602	0	0

2476.796	38.556	0	0

2477.075	38.512	0	0

2477.510	38.469	0	0

2479.437	38.672	0	0

2479.608	38.660	0	0

2479.797	38.614	0	0

2480.013	38.568	0	0

2480.284	38.520	0	0

2480.699	38.474	0	0
1

2499.584	39.172	1	0

2499.681	39.076	0	0

2499.781	39.051	0	0

2499.883	39.022	0	0

2499.989	38.990	0	0

2500.100	38.955	0	0

2500.215	38.917	0	0

2500.336	38.877	0	0

2500.463	38.835	0	0

2500.597	38.791	0	0

2500.741	38.745	0	0

2500.896	38.698	0	0

2501.067	38.650	0	0

2501.258	38.603	0	0

2501.479	38.558	0	0

2501.753	38.514	0	0

2502.173	38.470	0	0

2503.920	38.578	0	0

2504.148	38.551	0	0

2504.436	38.507	0	0

2504.907	38.462	0	0
1

2519.345	39.158	1	0

2519.443	39.068	0	0

2519.545	39.039	0	0

2519.650	39.007	0	0

2519.759	38.972	0	0

2519.873	38.933	0	0

2519.992	38.893	0	0

2520.118	38.848	0	0

2520.253	38.798	0	0

2520.398	38.741	0	0

2520.562	38.669	0	0

2520.787	38.504	0	0
1

2536.769	39.171	1	0

2536.866	39.076	0	0

2536.966	39.050	0	0

2537.069	39.021	0	0

2537.175	38.988	0	0

2537.286	38.953	0	0

2537.401	38.916	0	0

2537.522	38.876	0	0

2537.650	38.833	0	0

2537.785	38.789	0	0

2537.930	38.742	0	0

2538.086	38.695	0	0

2538.258	38.647	0	0

2538.450	38.601	0	0

2538.675	38.555	0	0

2538.957	38.510	0	0

2539.402	38.467	0	0
1

2553.409	39.162	1	0

2553.507	39.071	0	0

2553.608	39.044	0	0

2553.712	39.014	0	0

2553.820	38.980	0	0

2553.933	38.943	0	0

2554.050	38.903	0	0

2554.174	38.861	0	0

2554.305	38.817	0	0

2554.445	38.771	0	0

2554.595	38.724	0	0

2554.758	38.674	0	0

2554.941	38.624	0	0

2555.150	38.577	0	0

2555.403	38.531	0	0

2555.762	38.484	0	0
1

2573.922	39.172	1	0

2574.019	39.076	0	0

2574.119	39.050	0	0

2574.222	39.021	0	0

2574.328	38.989	0	0

2574.439	38.954	0	0

2574.554	38.917	0	0

2574.675	38.876	0	0

2574.802	38.833	0	0

2574.937	38.789	0	0

2575.081	38.743	0	0

2575.237	38.696	0	0

2575.408	38.650	0	0

2575.600	38.602	0	0

2575.823	38.555	0	0

2576.102	38.513	0	0

2576.533	38.468	0	0

2578.387	38.645	0	0

2578.569	38.631	0	0

2578.773	38.584	0	0

2579.019	38.537	0	0

2579.353	38.493	0	0
1

2594.870	39.106	1	0

2594.979	38.981	0	0

2595.103	38.871	0	0

2595.234	38.826	0	0

2595.372	38.796	0	0

2595.532	38.743	0	0

2595.713	38.620	0	0

2595.907	38.610	0	0

2596.151	38.555	0	0

2596.430	38.532	0	0

2596.712	38.544	0	0

2596.950	38.551	0	0

2597.206	38.521	0	0

2597.542	38.484	0	0

2598.373	38.432	0	0
1

2611.805	39.167	1	0

2611.902	39.074	0	0

2612.003	39.048	0	0

2612.106	39.018	0	0

2612.213	38.985	0	0

2612.325	38.949	0	0

2612.442	38.910	0	0

2612.564	38.869	0	0

2612.693	38.826	0	0

2612.830	38.780	0	0

2612.978	38.734	0	0

2613.137	38.686	0	0

2613.313	38.638	0	0

2613.513	38.590	0	0

2613.750	38.545	0	0

2614.056	38.500	0	0

2614.682	38.449	0	0
1

2629.120	39.161	1	0

2629.218	39.070	0	0

2629.319	39.043	0	0

2629.424	39.012	0	0

2629.532	38.977	0	0

2629.645	38.940	0	0

2629.763	38.901	0	0

2629.888	38.860	0	0

2630.019	38.814	0	0

2630.159	38.767	0	0

2630.311	38.718	0	0

2630.476	38.668	0	0

2630.661	38.620	0	0

2630.874	38.570	0	0

2631.142	38.520	0	0

2631.564	38.469	0	0
1

2648.342	39.171	1	0

2648.440	39.075	0	0

2648.539	39.049	0	0

2648.642	39.020	0	0

2648.749	38.987	0	0

2648.860	38.952	0	0

2648.976	38.914	0	0

2649.097	38.874	0	0

2649.225	38.831	0	0

2649.361	38.786	0	0

2649.506	38.740	0	0

2649.663	38.692	0	0

2649.836	38.645	0	0

2650.030	38.598	0	0

2650.258	38.552	0	0

2650.547	38.508	0	0

2651.018	38.463	0	0
1

2665.142	39.163	1	0

2665.240	39.071	0	0

2665.341	39.044	0	0

2665.445	39.013	0	0

2665.553	38.979	0	0

2665.666	38.942	0	0

2665.784	38.903	0	0

2665.908	38.861	0	0

2666.039	38.817	0	0

2666.178	38.770	0	0

2666.328	38.722	0	0

2666.493	38.673	0	0

2666.675	38.625	0	0

2666.884	38.577	0	0

2667.140	38.529	0	0

2667.507	38.483	0	0
1

2685.397	39.171	1	0

2685.494	39.076	0	0

2685.594	39.050	0	0

2685.697	39.021	0	0

2685.803	38.989	0	0

2685.914	38.954	0	0

2686.029	38.917	0	0

2686.150	38.876	0	0

2686.277	38.833	0	0

2686.413	38.788	0	0

2686.557	38.743	0	0

2686.713	38.696	0	0

2686.884	38.649	0	0

2687.076	38.601	0	0

2687.301	38.555	0	0

2687.581	38.512	0	0

2688.020	38.467	0	0
1

2702.008	39.163	1	0

2702.106	39.071	0	0

2702.206	39.044	0	0

2702.311	39.013	0	0

2702.419	38.979	0	0

2702.532	38.942	0	0

2702.649	38.903	0	0

2702.773	38.862	0	0

2702.904	38.818	0	0

2703.043	38.771	0	0

2703.194	38.723	0	0

2703.357	38.674	0	0

2703.540	38.625	0	0

2703.748	38.578	0	0

2704.002	38.530	0	0

2704.363	38.485	0	0
1

2722.516	39.171	1	0

2722.613	39.076	0	0

2722.712	39.050	0	0

2722.815	39.021	0	0

2722.921	38.990	0	0

2723.032	38.954	0	0

2723.147	38.916	0	0

2723.268	38.876	0	0

2723.396	38.834	0	0

2723.531	38.789	0	0

2723.675	38.744	0	0

2723.830	38.697	0	0

2724.001	38.649	0	0

2724.193	38.601	0	0

2724.416	38.556	0	0

2724.694	38.513	0	0

2725.128	38.468	0	0

2727.038	38.665	0	0

2727.212	38.651	0	0

2727.405	38.605	0	0

2727.630	38.558	0	0

2727.913	38.512	0	0

2728.393	38.463	0	0
1

2747.208	39.172	1	0

2747.305	39.076	0	0

2747.404	39.050	0	0

2747.507	39.021	0	0

2747.613	38.990	0	0

2747.724	38.955	0	0

2747.839	38.917	0	0

2747.959	38.877	0	0

2748.087	38.834	0	0

2748.221	38.790	0	0

2748.365	38.744	0	0

2748.520	38.698	0	0

2748.691	38.650	0	0

2748.881	38.603	0	0

2749.103	38.557	0	0

2749.378	38.514	0	0

2749.798	38.470	0	0

2751.539	38.577	0	0

2751.769	38.551	0	0

2752.056	38.507	0	0

2752.537	38.462	0	0
1

2766.989	39.159	1	0

2767.088	39.068	0	0

2767.189	39.039	0	0

2767.294	39.007	0	0

2767.403	38.971	0	0

2767.517	38.932	0	0

2767.637	38.890	0	0

2767.764	38.846	0	0

2767.898	38.796	0	0

2768.045	38.736	0	0

2768.213	38.650	0	0

2768.691	38.429	0	0
1

2784.362	39.171	1	0

2784.459	39.076	0	0

2784.559	39.050	0	0

2784.662	39.021	0	0

2784.768	38.988	0	0

2784.879	38.953	0	0

2784.995	38.915	0	0

2785.116	38.875	0	0

2785.243	38.833	0	0

2785.378	38.788	0	0

2785.523	38.743	0	0

2785.679	38.695	0	0

2785.851	38.647	0	0

2786.044	38.600	0	0

2786.268	38.555	0	0

2786.551	38.511	0	0

2787.000	38.466	0	0
1

2801.017	39.162	1	0

2801.115	39.071	0	0

2801.216	39.044	0	0

2801.320	39.013	0	0

2801.428	38.980	0	0

2801.541	38.943	0	0

2801.658	38.903	0	0

2801.782	38.861	0	0

2801.913	38.816	0	0

2802.053	38.770	0	0

2802.203	38.723	0	0

2802.366	38.675	0	0

2802.548	38.625	0	0

2802.758	38.576	0	0

2803.013	38.530	0	0

2803.368	38.484	0	0
1

2821.489	39.172	1	0

2821.586	39.076	0	0

2821.685	39.050	0	0

2821.788	39.021	0	0

2821.895	38.989	0	0

2822.005	38.954	0	0

2822.121	38.916	0	0

2822.241	38.876	0	0

2822.369	38.834	0	0

2822.504	38.789	0	0

2822.648	38.743	0	0

2822.804	38.696	0	0

2822.975	38.649	0	0

2823.166	38.602	0	0

2823.390	38.556	0	0

2823.669	38.512	0	0

2824.100	38.468	0	0

2825.940	38.641	0	0

2826.124	38.625	0	0

2826.332	38.580	0	0

2826.581	38.533	0	0

2826.928	38.488	0	0
1

2842.392	39.127	1	0

2842.496	39.019	0	0

2842.612	38.920	0	0

2842.745	38.869	0	0

2842.891	38.809	0	0

2843.052	38.708	0	0

2843.220	38.665	0	0

2843.436	38.607	0	0

2843.691	38.538	0	0

2844.020	38.524	0	0

2844.308	38.542	0	0

2844.549	38.545	0	0

2844.814	38.515	0	0

2845.175	38.477	0	0

2847.507	38.515	0	0

2847.830	38.484	0	0

2848.435	38.442	0	0
1

2860.258	39.165	1	0

2860.356	39.073	0	0

2860.457	39.046	0	0

2860.560	39.016	0	0

2860.668	38.982	0	0

2860.780	38.947	0	0

2860.897	38.908	0	0

2861.020	38.866	0	0

2861.150	38.822	0	0

2861.289	38.776	0	0

2861.437	38.729	0	0

2861.598	38.682	0	0

2861.776	38.633	0	0

2861.980	38.585	0	0

2862.223	38.539	0	0

2862.546	38.495	0	0

2863.637	38.417	0	0
1

2878.069	39.157	1	0

2878.167	39.068	0	0

2878.269	39.040	0	0

2878.373	39.009	0	0

2878.482	38.975	0	0

2878.596	38.936	0	0

2878.715	38.895	0	0

2878.840	38.850	0	0

2878.974	38.802	0	0

2879.118	38.752	0	0

2879.274	38.701	0	0

2879.449	38.637	0	0

2879.676	38.523	0	0
1

2895.809	39.171	1	0

2895.906	39.076	0	0

2896.005	39.050	0	0

2896.108	39.021	0	0

2896.215	38.988	0	0

2896.326	38.953	0	0

2896.441	38.915	0	0

2896.563	38.874	0	0

2896.690	38.832	0	0

2896.826	38.788	0	0

2896.970	38.742	0	0

2897.127	38.694	0	0

2897.299	38.646	0	0

2897.493	38.599	0	0

2897.719	38.554	0	0

2898.003	38.509	0	0

2898.464	38.465	0	0
1

2912.530	39.162	1	0

2912.628	39.071	0	0

2912.729	39.044	0	0

2912.833	39.013	0	0

2912.941	38.980	0	0

2913.053	38.943	0	0

2913.171	38.903	0	0

2913.295	38.860	0	0

2913.426	38.816	0	0

2913.566	38.770	0	0

2913.716	38.724	0	0

2913.880	38.674	0	0

2914.062	38.624	0	0

2914.272	38.576	0	0

2914.527	38.531	0	0

2914.887	38.483	0	0
1

2932.879	39.171	1	0

2932.976	39.076	0	0

2933.076	39.050	0	0

2933.179	39.021	0	0

2933.285	38.989	0	0

2933.396	38.954	0	0

2933.511	38.916	0	0

2933.632	38.876	0	0

2933.759	38.834	0	0

2933.894	38.789	0	0

2934.039	38.743	0	0

2934.195	38.695	0	0

2934.366	38.648	0	0

2934.558	38.602	0	0

2934.781	38.556	0	0

2935.062	38.512	0	0

2935.497	38.468	0	0

2937.680	38.750	0	0

2937.827	38.745	0	0

2937.985	38.699	0	0

2938.159	38.649	0	0

2938.357	38.600	0	0

2938.590	38.553	0	0

2938.896	38.505	0	0

2939.579	38.444	0	0
1

2957.661	39.171	1	0

2957.758	39.076	0	0

2957.858	39.050	0	0

2957.960	39.021	0	0

2958.067	38.988	0	0

2958.178	38.953	0	0

2958.293	38.915	0	0

2958.414	38.875	0	0

2958.542	38.833	0	0

2958.677	38.788	0	0

2958.822	38.742	0	0

2958.978	38.694	0	0

2959.150	38.647	0	0

2959.343	38.600	0	0

2959.567	38.555	0	0

2959.850	38.510	0	0

2960.299	38.466	0	0
1

2974.316	39.162	1	0

2974.415	39.071	0	0

2974.515	39.044	0	0

2974.620	39.014	0	0

2974.728	38.980	0	0

2974.840	38.943	0	0

2974.958	38.903	0	0

2975.082	38.861	0	0

2975.213	38.816	0	0

2975.353	38.771	0	0

2975.502	38.724	0	0

2975.666	38.674	0	0

2975.848	38.625	0	0

2976.058	38.576	0	0

2976.311	38.532	0	0

2976.669	38.484	0	0
1

2994.833	39.172	1	0

2994.930	39.076	0	0

2995.029	39.050	0	0

2995.132	39.021	0	0

2995.238	38.989	0	0

2995.349	38.954	0	0

2995.464	38.917	0	0

2995.585	38.877	0	0

2995.712	38.834	0	0

2995.847	38.789	0	0

2995.992	38.743	0	0

2996.148	38.696	0	0

2996.318	38.650	0	0

2996.510	38.602	0	0

2996.734	38.556	0	0

2997.013	38.513	0	0

2997.442	38.468	0	0

2999.282	38.640	0	0

2999.466	38.623	0	0

2999.675	38.578	0	0

2999.928	38.531	0	0

3000.281	38.487	0	0

3002.524	38.603	0	0

3002.732	38.580	0	0

3002.984	38.528	0	0

3003.392	38.457	0	0
1

3019.791	39.170	1	0

3019.889	39.075	0	0

3019.988	39.049	0	0

3020.091	39.020	0	0

3020.198	38.988	0	0

3020.309	38.953	0	0

3020.425	38.915	0	0

3020.546	38.874	0	0

3020.674	38.831	0	0

3020.810	38.786	0	0

3020.955	38.740	0	0

3021.112	38.693	0	0

3021.285	38.645	0	0

3021.479	38.597	0	0

3021.707	38.552	0	0

3021.995	38.509	0	0

3022.471	38.462	0	0
1

3036.589	39.162	1	0

3036.687	39.071	0	0

3036.788	39.044	0	0

3036.892	39.013	0	0

3037.000	38.979	0	0

3037.113	38.943	0	0

3037.231	38.904	0	0

3037.355	38.861	0	0

3037.486	38.816	0	0

3037.625	38.769	0	0

3037.776	38.722	0	0

3037.940	38.674	0	0

3038.122	38.625	0	0

3038.332	38.576	0	0

3038.588	38.529	0	0

3038.950	38.483	0	0
1

3056.820	39.171	1	0

3056.917	39.076	0	0

3057.016	39.050	0	0

3057.119	39.021	0	0

3057.225	38.989	0	0

3057.336	38.954	0	0

3057.451	38.916	0	0

3057.572	38.876	0	0

3057.700	38.833	0	0

3057.835	38.789	0	0

3057.979	38.743	0	0

3058.135	38.696	0	0

3058.307	38.648	0	0

3058.499	38.601	0	0

3058.723	38.555	0	0

3059.003	38.512	0	0

3059.445	38.467	0	0
1

3073.436	39.162	1	0

3073.534	39.071	0	0

3073.635	39.044	0	0

3073.739	39.013	0	0

3073.848	38.979	0	0

3073.960	38.943	0	0

3074.078	38.904	0	0

3074.202	38.862	0	0

3074.333	38.817	0	0

3074.472	38.770	0	0

3074.623	38.722	0	0

3074.786	38.674	0	0

3074.968	38.626	0	0

3075.177	38.577	0	0

3075.432	38.530	0	0

3075.789	38.485	0	0
1

3093.895	39.172	1	0

3093.992	39.076	0	0

3094.092	39.051	0	0

3094.194	39.021	0	0

3094.301	38.989	0	0

3094.411	38.954	0	0

3094.527	38.916	0	0

3094.648	38.876	0	0

3094.775	38.834	0	0

3094.910	38.790	0	0

3095.054	38.744	0	0

3095.210	38.696	0	0

3095.381	38.648	0	0

3095.573	38.602	0	0

3095.796	38.556	0	0

3096.075	38.512	0	0

3096.509	38.469	0	0

3098.437	38.672	0	0

3098.608	38.660	0	0

3098.796	38.614	0	0

3099.013	38.568	0	0

3099.284	38.520	0	0

3099.698	38.474	0	0
1

3118.584	39.172	1	0

3118.681	39.076	0	0

3118.780	39.051	0	0

3118.883	39.022	0	0

3118.989	38.990	0	0

3119.099	38.955	0	0

3119.215	38.917	0	0

3119.335	38.877	0	0

3119.462	38.835	0	0

3119.597	38.791	0	0

3119.741	38.745	0	0

3119.896	38.698	0	0

3120.066	38.650	0	0

3120.257	38.603	0	0

3120.479	38.558	0	0

3120.753	38.514	0	0

3121.173	38.470	0	0

3122.920	38.578	0	0

3123.148	38.551	0	0

3123.435	38.507	0	0

3123.906	38.462	0	0
1

3138.344	39.158	1	0

3138.443	39.068	0	0

3138.544	39.039	0	0

3138.649	39.007	0	0

3138.759	38.972	0	0

3138.873	38.933	0	0

3138.992	38.893	0	0

3139.118	38.848	0	0

3139.252	38.798	0	0

3139.398	38.741	0	0

3139.561	38.669	0	0

3139.786	38.503	0	0
1

3155.769	39.171	1	0

3155.866	39.076	0	0

3155.965	39.050	0	0

3156.068	39.021	0	0

3156.175	38.989	0	0

3156.285	38.953	0	0

3156.401	38.916	0	0

3156.522	38.875	0	0

3156.650	38.834	0	0

3156.785	38.788	0	0

3156.929	38.742	0	0

3157.086	38.695	0	0

3157.257	38.647	0	0

3157.450	38.601	0	0

3157.674	38.555	0	0

3157.957	38.511	0	0

3158.401	38.466	0	0
1

3172.408	39.162	1	0

3172.507	39.071	0	0

3172.607	39.044	0	0

3172.711	39.014	0	0

3172.820	38.980	0	0

3172.932	38.943	0	0

3173.050	38.903	0	0

3173.174	38.861	0	0

3173.305	38.816	0	0

3173.444	38.771	0	0

3173.594	38.724	0	0

3173.758	38.674	0	0

3173.940	38.625	0	0

3174.150	38.577	0	0

3174.403	38.531	0	0

3174.761	38.484	0	0
1

3192.922	39.171	1	0

3193.019	39.076	0	0

3193.119	39.050	0	0

3193.221	39.021	0	0

3193.328	38.989	0	0

3193.438	38.954	0	0

3193.553	38.917	0	0

3193.674	38.876	0	0

3193.802	38.834	0	0

3193.937	38.789	0	0

3194.081	38.743	0	0

3194.237	38.696	0	0

3194.408	38.649	0	0

3194.599	38.601	0	0

3194.823	38.556	0	0

3195.102	38.513	0	0

3195.532	38.468	0	0

3197.387	38.645	0	0

3197.568	38.631	0	0

3197.773	38.584	0	0

3198.019	38.537	0	0

3198.352	38.493	0	0
1

3213.870	39.106	1	0

3213.978	38.981	0	0

3214.103	38.871	0	0

3214.233	38.826	0	0

3214.371	38.796	0	0

3214.532	38.743	0	0

3214.713	38.620	0	0

3214.906	38.610	0	0

3215.151	38.555	0	0

3215.429	38.531	0	0

3215.711	38.544	0	0

3215.950	38.551	0	0

3216.206	38.521	0	0

3216.542	38.484	0	0

3217.373	38.432	0	0
1

3230.804	39.167	1	0

3230.902	39.074	0	0

3231.002	39.047	0	0

3231.106	39.018	0	0

3231.213	38.985	0	0

3231.325	38.949	0	0

3231.441	38.910	0	0

3231.564	38.869	0	0

3231.693	38.826	0	0

3231.830	38.780	0	0

3231.977	38.734	0	0

3232.137	38.686	0	0

3232.313	38.638	0	0

3232.513	38.590	0	0

3232.749	38.545	0	0

3233.056	38.501	0	0

3233.682	38.449	0	0
1

3248.120	39.162	1	0

3248.218	39.070	0	0

3248.319	39.042	0	0

3248.423	39.012	0	0

3248.532	38.977	0	0

3248.645	38.940	0	0

3248.763	38.901	0	0

3248.887	38.860	0	0

3249.019	38.814	0	0

3249.159	38.766	0	0

3249.310	38.718	0	0

3249.476	38.668	0	0

3249.661	38.620	0	0

3249.874	38.571	0	0

3250.141	38.520	0	0

3250.564	38.469	0	0
1

3267.342	39.171	1	0

3267.439	39.075	0	0

3267.539	39.049	0	0

3267.642	39.020	0	0

3267.749	38.987	0	0

3267.860	38.952	0	0

3267.976	38.914	0	0

3268.097	38.874	0	0

3268.225	38.831	0	0

3268.361	38.786	0	0

3268.506	38.740	0	0

3268.663	38.692	0	0

3268.836	38.645	0	0

3269.030	38.598	0	0

3269.257	38.552	0	0

3269.546	38.508	0	0

3270.017	38.462	0	0
1

3284.141	39.163	1	0

3284.240	39.071	0	0

3284.340	39.044	0	0

3284.445	39.013	0	0

3284.553	38.979	0	0

3284.666	38.942	0	0

3284.784	38.903	0	0

3284.907	38.861	0	0

3285.038	38.817	0	0

3285.178	38.770	0	0

3285.328	38.722	0	0

3285.492	38.673	0	0

3285.675	38.625	0	0

3285.884	38.577	0	0

3286.139	38.529	0	0

3286.506	38.483	0	0
1

3304.397	39.171	1	0

3304.494	39.076	0	0

3304.593	39.050	0	0

3304.696	39.021	0	0

3304.803	38.989	0	0

3304.913	38.954	0	0

3305.029	38.917	0	0

3305.150	38.876	0	0

3305.277	38.833	0	0

3305.412	38.789	0	0

3305.557	38.743	0	0

3305.713	38.696	0	0

3305.884	38.649	0	0

3306.076	38.601	0	0

3306.300	38.555	0	0

3306.581	38.512	0	0

3307.020	38.467	0	0
1

3321.007	39.163	1	0

3321.105	39.071	0	0

3321.206	39.044	0	0

3321.310	39.013	0	0

3321.419	38.979	0	0

3321.531	38.943	0	0

3321.649	38.903	0	0

3321.773	38.862	0	0

3321.904	38.818	0	0

3322.043	38.771	0	0

3322.193	38.722	0	0

3322.357	38.673	0	0

3322.539	38.625	0	0

3322.747	38.578	0	0

3323.001	38.530	0	0

3323.362	38.484	0	0
1

3341.516	39.172	1	0

3341.613	39.076	0	0

3341.712	39.050	0	0

3341.815	39.021	0	0

3341.921	38.989	0	0

3342.032	38.954	0	0

3342.147	38.916	0	0

3342.268	38.876	0	0

3342.395	38.834	0	0

3342.530	38.790	0	0

3342.674	38.744	0	0

3342.830	38.696	0	0

3343.001	38.649	0	0

3343.193	38.602	0	0

3343.416	38.556	0	0

3343.694	38.512	0	0

3344.128	38.468	0	0

3346.038	38.664	0	0

3346.212	38.651	0	0

3346.405	38.604	0	0

3346.630	38.558	0	0

3346.913	38.512	0	0

3347.392	38.463	0	0
1

3366.208	39.172	1	0

3366.305	39.076	0	0

3366.404	39.051	0	0

3366.507	39.022	0	0

3366.613	38.990	0	0

3366.723	38.955	0	0

3366.838	38.917	0	0

3366.959	38.877	0	0

3367.086	38.835	0	0

3367.221	38.790	0	0

3367.365	38.745	0	0

3367.520	38.698	0	0

3367.690	38.650	0	0

3367.881	38.603	0	0

3368.103	38.557	0	0

3368.378	38.515	0	0

3368.797	38.470	0	0

3370.539	38.577	0	0

3370.768	38.551	0	0

3371.056	38.507	0	0

3371.537	38.462	0	0
1

3385.989	39.158	1	0

3386.087	39.068	0	0

3386.189	39.039	0	0

3386.294	39.007	0	0

3386.403	38.971	0	0

3386.517	38.932	0	0

3386.637	38.890	0	0

3386.763	38.846	0	0

3386.898	38.796	0	0

3387.045	38.736	0	0

3387.213	38.649	0	0

3387.690	38.429	0	0
1

3403.362	39.171	1	0

3403.459	39.076	0	0

3403.559	39.050	0	0

3403.661	39.021	0	0

3403.768	38.989	0	0

3403.879	38.953	0	0

3403.994	38.916	0	0

3404.115	38.875	0	0

3404.243	38.833	0	0

3404.378	38.789	0	0

3404.523	38.742	0	0

3404.679	38.695	0	0

3404.851	38.647	0	0

3405.044	38.600	0	0

3405.268	38.555	0	0

3405.550	38.511	0	0

3406.000	38.467	0	0
1

3420.016	39.162	1	0

3420.115	39.071	0	0

3420.215	39.044	0	0

3420.320	39.013	0	0

3420.428	38.980	0	0

3420.540	38.943	0	0

3420.658	38.903	0	0

3420.782	38.861	0	0

3420.913	38.816	0	0

3421.053	38.770	0	0

3421.203	38.723	0	0

3421.366	38.675	0	0

3421.548	38.625	0	0

3421.758	38.576	0	0

3422.013	38.531	0	0

3422.368	38.484	0	0
1

3440.489	39.172	1	0

3440.586	39.076	0	0

3440.685	39.050	0	0

3440.788	39.021	0	0

3440.894	38.989	0	0

3441.005	38.954	0	0

3441.120	38.916	0	0

3441.241	38.877	0	0

3441.368	38.834	0	0

3441.503	38.789	0	0

3441.648	38.743	0	0

3441.803	38.696	0	0

3441.975	38.649	0	0

3442.166	38.602	0	0

3442.389	38.556	0	0

3442.669	38.512	0	0

3443.100	38.468	0	0

3444.940	38.641	0	0

3445.124	38.625	0	0

3445.331	38.581	0	0

3445.581	38.533	0	0

3445.928	38.488	0	0
1

3461.392	39.127	1	0

3461.496	39.019	0	0

3461.612	38.921	0	0

3461.745	38.868	0	0

3461.891	38.808	0	0

3462.051	38.708	0	0

3462.220	38.665	0	0

3462.436	38.607	0	0

3462.691	38.538	0	0

3463.019	38.523	0	0

3463.307	38.542	0	0

3463.548	38.545	0	0

3463.814	38.515	0	0

3464.175	38.477	0	0

3466.507	38.515	0	0

3466.829	38.484	0	0

3467.435	38.442	0	0
1

3479.258	39.165	1	0

3479.356	39.073	0	0

3479.456	39.046	0	0

3479.560	39.016	0	0

3479.668	38.983	0	0

3479.780	38.947	0	0

3479.897	38.908	0	0

3480.020	38.866	0	0

3480.150	38.822	0	0

3480.288	38.776	0	0

3480.437	38.729	0	0

3480.598	38.682	0	0

3480.776	38.633	0	0

3480.980	38.585	0	0

3481.223	38.539	0	0

3481.546	38.495	0	0

3482.637	38.417	0	0
1

3497.068	39.157	1	0

3497.167	39.068	0	0

3497.268	39.040	0	0

3497.373	39.009	0	0

3497.482	38.975	0	0

3497.595	38.936	0	0

3497.714	38.895	0	0

3497.840	38.850	0	0

3497.974	38.802	0	0

3498.117	38.752	0	0

3498.273	38.701	0	0

3498.449	38.637	0	0

3498.675	38.523	0	0
1

3514.808	39.171	1	0

3514.905	39.076	0	0

3515.005	39.050	0	0

3515.108	39.021	0	0

3515.214	38.988	0	0

3515.325	38.953	0	0

3515.441	38.915	0	0

3515.562	38.875	0	0

3515.690	38.832	0	0

3515.825	38.788	0	0

3515.970	38.742	0	0

3516.127	38.694	0	0

3516.299	38.646	0	0

3516.493	38.599	0	0

3516.718	38.554	0	0

3517.003	38.510	0	0

3517.464	38.465	0	0
1

3531.529	39.162	1	0

3531.627	39.071	0	0

3531.728	39.044	0	0

3531.832	39.013	0	0

3531.941	38.980	0	0

3532.053	38.943	0	0

3532.171	38.903	0	0

3532.295	38.861	0	0

3532.426	38.816	0	0

3532.566	38.770	0	0

3532.716	38.724	0	0

3532.879	38.674	0	0

3533.062	38.624	0	0

3533.272	38.576	0	0

3533.527	38.531	0	0

3533.886	38.483	0	0
1

3551.879	39.172	1	0

3551.976	39.076	0	0

3552.076	39.050	0	0

3552.178	39.021	0	0

3552.285	38.989	0	0

3552.395	38.954	0	0

3552.511	38.916	0	0

3552.632	38.876	0	0

3552.759	38.834	0	0

3552.894	38.789	0	0

3553.038	38.743	0	0

3553.194	38.696	0	0

3553.366	38.648	0	0

3553.558	38.602	0	0

3553.781	38.556	0	0

3554.061	38.512	0	0

3554.497	38.468	0	0

3556.679	38.749	0	0

3556.827	38.745	0	0

3556.985	38.699	0	0

3557.159	38.649	0	0

3557.357	38.600	0	0

3557.590	38.554	0	0

3557.896	38.505	0	0

3558.578	38.444	0	0
1

3576.661	39.171	1	0

3576.758	39.076	0	0

3576.857	39.050	0	0

3576.960	39.021	0	0

3577.067	38.988	0	0

3577.177	38.953	0	0

3577.293	38.915	0	0

3577.414	38.875	0	0

3577.542	38.833	0	0

3577.677	38.789	0	0

3577.821	38.742	0	0

3577.978	38.695	0	0

3578.150	38.647	0	0

3578.342	38.600	0	0

3578.567	38.555	0	0

3578.850	38.510	0	0

3579.298	38.466	0	0
1

3593.316	39.162	1	0

3593.414	39.071	0	0

3593.515	39.044	0	0

3593.619	39.014	0	0

3593.727	38.980	0	0

3593.840	38.943	0	0

3593.958	38.903	0	0

3594.082	38.861	0	0

3594.213	38.817	0	0

3594.352	38.771	0	0

3594.502	38.724	0	0

3594.666	38.674	0	0

3594.848	38.625	0	0

3595.057	38.577	0	0

3595.311	38.532	0	0

3595.669	38.484	0	0
1

3613.832	39.172	1	0

3613.930	39.076	0	0

3614.029	39.050	0	0

3614.132	39.021	0	0

3614.238	38.989	0	0

3614.349	38.954	0	0

3614.464	38.917	0	0

3614.585	38.876	0	0

3614.712	38.834	0	0

3614.847	38.789	0	0

3614.991	38.743	0	0

3615.147	38.696	0	0

3615.318	38.650	0	0

3615.510	38.602	0	0

3615.733	38.555	0	0

3616.012	38.512	0	0

3616.442	38.468	0	0

3618.281	38.640	0	0

3618.466	38.624	0	0

3618.674	38.577	0	0

3618.927	38.531	0	0

3619.281	38.487	0	0

3621.523	38.604	0	0

3621.732	38.580	0	0

3621.984	38.528	0	0

3622.392	38.457	0	0
1

3638.791	39.170	1	0

3638.888	39.075	0	0

3638.988	39.049	0	0

3639.091	39.020	0	0

3639.198	38.988	0	0

3639.309	38.952	0	0

3639.424	38.915	0	0

3639.546	38.874	0	0

3639.674	38.831	0	0

3639.810	38.786	0	0

3639.955	38.740	0	0

3640.112	38.693	0	0

3640.284	38.645	0	0

3640.479	38.598	0	0

3640.707	38.552	0	0

3640.994	38.509	0	0

3641.471	38.462	0	0
1

3655.588	39.162	1	0

3655.687	39.071	0	0

3655.788	39.043	0	0

3655.892	39.013	0	0

3656.000	38.979	0	0

3656.113	38.943	0	0

3656.231	38.904	0	0

3656.354	38.861	0	0

3656.485	38.816	0	0

3656.625	38.769	0	0

3656.776	38.721	0	0

3656.940	38.674	0	0

3657.121	38.625	0	0

3657.331	38.576	0	0

3657.588	38.529	0	0

3657.950	38.483	0	0
1

3675.819	39.171	1	0

3675.916	39.076	0	0

3676.016	39.050	0	0

3676.119	39.021	0	0

3676.225	38.989	0	0

3676.336	38.954	0	0

3676.451	38.916	0	0

3676.572	38.875	0	0

3676.700	38.833	0	0

3676.835	38.789	0	0

3676.979	38.743	0	0

3677.135	38.696	0	0

3677.306	38.648	0	0

3677.499	38.601	0	0

3677.723	38.555	0	0

3678.003	38.511	0	0

3678.445	38.467	0	0
1

3692.436	39.162	1	0

3692.534	39.071	0	0

3692.635	39.044	0	0

3692.739	39.013	0	0

3692.847	38.979	0	0

3692.960	38.943	0	0

3693.078	38.904	0	0

3693.201	38.862	0	0

3693.332	38.817	0	0

3693.472	38.770	0	0

3693.622	38.722	0	0

3693.786	38.674	0	0

3693.968	38.626	0	0

3694.176	38.577	0	0

3694.432	38.530	0	0

3694.789	38.485	0	0
1

3712.895	39.172	1	0

3712.992	39.076	0	0

3713.091	39.050	0	0

3713.194	39.021	0	0

3713.301	38.989	0	0

3713.411	38.954	0	0

3713.527	38.916	0	0

3713.647	38.876	0	0

3713.775	38.834	0	0

3713.910	38.790	0	0

3714.054	38.743	0	0

3714.210	38.696	0	0

3714.381	38.649	0	0

3714.573	38.602	0	0

3714.795	38.557	0	0

3715.075	38.512	0	0

3715.509	38.469	0	0

3717.437	38.672	0	0

3717.608	38.660	0	0

3717.796	38.614	0	0

3718.013	38.568	0	0

3718.283	38.520	0	0

3718.698	38.474	0	0
1

3737.584	39.172	1	0

3737.681	39.076	0	0

3737.780	39.051	0	0

3737.883	39.022	0	0

3737.989	38.990	0	0

3738.099	38.955	0	0

3738.214	38.917	0	0

3738.335	38.877	0	0

3738.462	38.835	0	0

3738.597	38.790	0	0

3738.741	38.745	0	0

3738.896	38.698	0	0

3739.066	38.650	0	0

3739.257	38.603	0	0

3739.479	38.558	0	0

3739.753	38.514	0	0

3740.173	38.470	0	0

3741.919	38.578	0	0

3742.148	38.551	0	0

3742.435	38.507	0	0

3742.906	38.462	0	0
1

3757.344	39.158	1	0

3757.443	39.067	0	0

3757.544	39.039	0	0

3757.649	39.007	0	0

3757.758	38.972	0	0

3757.872	38.933	0	0

3757.992	38.893	0	0

3758.118	38.848	0	0

3758.252	38.798	0	0

3758.398	38.741	0	0

3758.561	38.669	0	0

3758.786	38.504	0	0
1

3774.769	39.171	1	0

3774.866	39.076	0	0

3774.965	39.050	0	0

3775.068	39.021	0	0

3775.174	38.988	0	0

3775.285	38.953	0	0

3775.401	38.915	0	0

3775.522	38.876	0	0

3775.649	38.833	0	0

3775.784	38.789	0	0

3775.929	38.742	0	0

3776.085	38.695	0	0

3776.257	38.647	0	0

3776.450	38.601	0	0

3776.674	38.554	0	0

3776.957	38.511	0	0

3777.401	38.467	0	0
1

3791.408	39.162	1	0

3791.506	39.071	0	0

3791.607	39.044	0	0

3791.711	39.014	0	0

3791.819	38.980	0	0

3791.932	38.943	0	0

3792.050	38.903	0	0

3792.174	38.861	0	0

3792.305	38.817	0	0

3792.444	38.771	0	0

3792.594	38.724	0	0

3792.757	38.674	0	0

3792.940	38.625	0	0

3793.149	38.577	0	0

3793.402	38.531	0	0

3793.761	38.484	0	0
1

3811.922	39.172	1	0

3812.019	39.076	0	0

3812.118	39.050	0	0

3812.221	39.021	0	0

3812.327	38.989	0	0

3812.438	38.954	0	0

3812.553	38.917	0	0

3812.674	38.876	0	0

3812.801	38.834	0	0

3812.936	38.789	0	0

3813.081	38.743	0	0

3813.237	38.696	0	0

3813.407	38.649	0	0

3813.599	38.602	0	0

3813.822	38.556	0	0

3814.102	38.513	0	0

3814.532	38.468	0	0

3816.386	38.645	0	0

3816.568	38.631	0	0

3816.772	38.583	0	0

3817.019	38.537	0	0

3817.352	38.493	0	0
1

3832.870	39.106	1	0

3832.978	38.981	0	0

3833.103	38.871	0	0

3833.233	38.826	0	0

3833.371	38.796	0	0

3833.532	38.743	0	0

3833.712	38.620	0	0

3833.906	38.610	0	0

3834.151	38.555	0	0

3834.429	38.532	0	0

3834.711	38.544	0	0

3834.949	38.551	0	0

3835.205	38.521	0	0

3835.542	38.484	0	0

3836.372	38.432	0	0
1

3849.804	39.167	1	0

3849.902	39.074	0	0

3850.002	39.048	0	0

3850.105	39.018	0	0

3850.213	38.985	0	0

3850.324	38.949	0	0

3850.441	38.910	0	0

3850.563	38.869	0	0

3850.693	38.826	0	0

3850.830	38.780	0	0

3850.977	38.734	0	0

3851.136	38.686	0	0

3851.312	38.638	0	0

3851.512	38.590	0	0

3851.749	38.545	0	0

3852.056	38.501	0	0

3852.682	38.448	0	0
1

3867.119	39.162	1	0

3867.218	39.070	0	0

3867.319	39.043	0	0

3867.423	39.011	0	0

3867.531	38.977	0	0

3867.644	38.940	0	0

3867.763	38.901	0	0

3867.887	38.860	0	0

3868.018	38.814	0	0

3868.158	38.767	0	0

3868.310	38.718	0	0

3868.476	38.668	0	0

3868.661	38.621	0	0

3868.874	38.570	0	0

3869.141	38.520	0	0

3869.564	38.469	0	0
1

3886.342	39.170	1	0

3886.439	39.075	0	0

3886.539	39.049	0	0

3886.642	39.020	0	0

3886.748	38.988	0	0

3886.859	38.952	0	0

3886.975	38.915	0	0

3887.097	38.874	0	0

3887.224	38.831	0	0

3887.360	38.786	0	0

3887.506	38.740	0	0

3887.663	38.693	0	0

3887.835	38.645	0	0

3888.029	38.598	0	0

3888.257	38.552	0	0

3888.546	38.508	0	0

3889.017	38.462	0	0
1

3903.141	39.163	1	0

3903.239	39.071	0	0

3903.340	39.044	0	0

3903.444	39.013	0	0

3903.553	38.979	0	0

3903.665	38.942	0	0

3903.783	38.903	0	0

3903.907	38.861	0	0

3904.038	38.817	0	0

3904.177	38.770	0	0

3904.328	38.722	0	0

3904.492	38.673	0	0

3904.675	38.624	0	0

3904.883	38.577	0	0

3905.139	38.529	0	0

3905.506	38.483	0	0
1

3923.397	39.171	1	0

3923.494	39.076	0	0

3923.593	39.050	0	0

3923.696	39.021	0	0

3923.802	38.989	0	0

3923.913	38.954	0	0

3924.028	38.917	0	0

3924.149	38.876	0	0

3924.277	38.833	0	0

3924.412	38.788	0	0

3924.556	38.742	0	0

3924.712	38.696	0	0

3924.883	38.648	0	0

3925.076	38.601	0	0

3925.300	38.555	0	0

3925.581	38.512	0	0

3926.019	38.467	0	0
1

3940.007	39.163	1	0

3940.105	39.071	0	0

3940.206	39.044	0	0

3940.310	39.013	0	0

3940.418	38.979	0	0

3940.531	38.942	0	0

3940.649	38.903	0	0

3940.773	38.862	0	0

3940.903	38.818	0	0

3941.043	38.771	0	0

3941.193	38.723	0	0

3941.357	38.674	0	0

3941.539	38.625	0	0

3941.747	38.578	0	0

3942.001	38.530	0	0

3942.362	38.485	0	0
1

3960.515	39.171	1	0

3960.612	39.076	0	0

3960.712	39.050	0	0

3960.814	39.021	0	0

3960.921	38.989	0	0

3961.031	38.954	0	0

3961.147	38.916	0	0

3961.268	38.876	0	0

3961.395	38.834	0	0

3961.530	38.789	0	0

3961.674	38.744	0	0

3961.830	38.697	0	0

3962.001	38.649	0	0

3962.193	38.601	0	0

3962.416	38.556	0	0

3962.693	38.513	0	0

3963.127	38.468	0	0

3965.038	38.664	0	0

3965.211	38.651	0	0

3965.404	38.605	0	0

3965.629	38.558	0	0

3965.913	38.512	0	0

3966.392	38.463	0	0
1

3985.207	39.172	1	0

3985.304	39.076	0	0

3985.404	39.051	0	0

3985.506	39.022	0	0

3985.612	38.990	0	0

3985.723	38.955	0	0

3985.838	38.917	0	0

3985.959	38.877	0	0

3986.086	38.835	0	0

3986.221	38.790	0	0

3986.364	38.745	0	0

3986.520	38.698	0	0

3986.690	38.650	0	0

3986.881	38.603	0	0

3987.103	38.557	0	0

3987.378	38.515	0	0

3987.797	38.470	0	0

3989.539	38.577	0	0

3989.768	38.551	0	0

3990.056	38.506	0	0

3990.536	38.461	0	0
1

4004.988	39.159	1	0

4005.087	39.068	0	0

4005.188	39.039	0	0

4005.293	39.007	0	0

4005.403	38.971	0	0

4005.517	38.932	0	0

4005.637	38.890	0	0

4005.763	38.846	0	0

4005.898	38.796	0	0

4006.044	38.736	0	0

4006.212	38.650	0	0

4006.690	38.429	0	0
1

4022.362	39.171	1	0

4022.459	39.076	0	0

4022.558	39.050	0	0

4022.661	39.021	0	0

4022.768	38.988	0	0

4022.878	38.953	0	0

4022.994	38.916	0	0

4023.115	38.875	0	0

4023.243	38.833	0	0

4023.378	38.789	0	0

4023.522	38.743	0	0

4023.679	38.695	0	0

4023.850	38.647	0	0

4024.043	38.600	0	0

4024.268	38.555	0	0

4024.550	38.510	0	0

4024.999	38.467	0	0
1

4039.016	39.162	1	0

4039.114	39.071	0	0

4039.215	39.044	0	0

4039.319	39.013	0	0

4039.427	38.980	0	0

4039.540	38.943	0	0

4039.658	38.903	0	0

4039.782	38.861	0	0

4039.913	38.816	0	0

4040.052	38.770	0	0

4040.202	38.723	0	0

4040.366	38.675	0	0

4040.548	38.625	0	0

4040.757	38.576	0	0

4041.012	38.531	0	0

4041.368	38.484	0	0
1

4059.488	39.172	1	0

4059.585	39.076	0	0

4059.685	39.050	0	0

4059.787	39.021	0	0

4059.894	38.989	0	0

4060.004	38.954	0	0

4060.120	38.917	0	0

4060.241	38.876	0	0

4060.368	38.834	0	0

4060.503	38.789	0	0

4060.647	38.743	0	0

4060.803	38.696	0	0

4060.974	38.649	0	0

4061.166	38.602	0	0

4061.389	38.556	0	0

4061.669	38.512	0	0

4062.099	38.468	0	0

4063.940	38.641	0	0

4064.124	38.625	0	0

4064.331	38.581	0	0

4064.581	38.533	0	0

4064.928	38.488	0	0
1

4080.392	39.127	1	0

4080.496	39.019	0	0

4080.611	38.921	0	0

4080.745	38.869	0	0

4080.891	38.808	0	0

4081.051	38.707	0	0

4081.220	38.665	0	0

4081.435	38.607	0	0

4081.691	38.538	0	0

4082.019	38.524	0	0

4082.307	38.542	0	0

4082.548	38.545	0	0

4082.814	38.515	0	0

4083.174	38.476	0	0

4085.507	38.515	0	0

4085.829	38.484	0	0

4086.435	38.442	0	0
1

4098.258	39.165	1	0

4098.355	39.073	0	0

4098.456	39.046	0	0

4098.560	39.016	0	0

4098.667	38.983	0	0

4098.780	38.947	0	0

4098.897	38.907	0	0

4099.020	38.866	0	0

4099.150	38.822	0	0

4099.288	38.776	0	0

4099.436	38.729	0	0

4099.597	38.682	0	0

4099.776	38.633	0	0

4099.979	38.585	0	0

4100.223	38.539	0	0

4100.546	38.495	0	0

4101.636	38.417	0	0
1

4116.068	39.158	1	0

4116.167	39.068	0	0

4116.268	39.040	0	0

4116.373	39.009	0	0

4116.481	38.975	0	0

4116.595	38.936	0	0

4116.714	38.895	0	0

4116.840	38.850	0	0

4116.973	38.802	0	0

4117.117	38.752	0	0

4117.273	38.701	0	0

4117.449	38.637	0	0

4117.675	38.523	0	0
1

4133.808	39.171	1	0

4133.905	39.076	0	0

4134.005	39.050	0	0

4134.107	39.021	0	0

4134.214	38.988	0	0

4134.325	38.953	0	0

4134.441	38.915	0	0

4134.562	38.875	0	0

4134.690	38.832	0	0

4134.825	38.788	0	0

4134.970	38.741	0	0

4135.126	38.694	0	0

4135.299	38.646	0	0

4135.492	38.599	0	0

4135.718	38.554	0	0

4136.003	38.510	0	0

4136.464	38.465	0	0
1

4150.529	39.162	1	0

4150.627	39.071	0	0

4150.728	39.044	0	0

4150.832	39.013	0	0

4150.940	38.980	0	0

4151.053	38.943	0	0

4151.171	38.903	0	0

4151.295	38.861	0	0

4151.426	38.816	0	0

4151.565	38.770	0	0

4151.715	38.724	0	0

4151.879	38.674	0	0

4152.061	38.625	0	0

4152.271	38.576	0	0

4152.526	38.531	0	0

4152.886	38.483	0	0
1

4170.879	39.172	1	0

4170.976	39.076	0	0

4171.075	39.050	0	0

4171.178	39.021	0	0

4171.284	38.989	0	0

4171.395	38.954	0	0

4171.510	38.916	0	0

4171.631	38.876	0	0

4171.759	38.834	0	0

4171.894	38.789	0	0

4172.038	38.743	0	0

4172.194	38.696	0	0

4172.365	38.648	0	0

4172.557	38.602	0	0

4172.781	38.555	0	0

4173.061	38.511	0	0

4173.496	38.468	0	0

4175.679	38.749	0	0

4175.827	38.745	0	0

4175.984	38.699	0	0

4176.159	38.649	0	0

4176.356	38.600	0	0

4176.590	38.553	0	0

4176.896	38.505	0	0

4177.578	38.444	0	0
1

4195.660	39.171	1	0

4195.757	39.076	0	0

4195.857	39.050	0	0

4195.960	39.021	0	0

4196.066	38.988	0	0

4196.177	38.953	0	0

4196.293	38.916	0	0

4196.414	38.875	0	0

4196.541	38.833	0	0

4196.676	38.789	0	0

4196.821	38.742	0	0

4196.977	38.695	0	0

4197.149	38.647	0	0

4197.342	38.601	0	0

4197.566	38.554	0	0

4197.849	38.510	0	0

4198.298	38.466	0	0
1

4212.316	39.162	1	0

4212.414	39.071	0	0

4212.515	39.044	0	0

4212.619	39.014	0	0

4212.727	38.980	0	0

4212.840	38.943	0	0

4212.957	38.903	0	0

4213.081	38.861	0	0

4213.212	38.816	0	0

4213.352	38.771	0	0

4213.502	38.724	0	0

4213.665	38.674	0	0

4213.848	38.625	0	0

4214.057	38.577	0	0

4214.311	38.532	0	0

4214.669	38.484	0	0
1

4232.832	39.172	1	0

4232.929	39.076	0	0

4233.029	39.050	0	0

4233.131	39.021	0	0

4233.238	38.989	0	0

4233.348	38.954	0	0

4233.464	38.917	0	0

4233.584	38.877	0	0

4233.712	38.834	0	0

4233.847	38.789	0	0

4233.991	38.743	0	0

4234.147	38.696	0	0

4234.318	38.650	0	0

4234.509	38.602	0	0

4234.733	38.556	0	0

4235.012	38.513	0	0

4235.442	38.468	0	0

4237.281	38.639	0	0

4237.466	38.623	0	0

4237.674	38.578	0	0

4237.927	38.531	0	0

4238.280	38.487	0	0

4240.523	38.603	0	0

4240.732	38.580	0	0

4240.984	38.528	0	0

4241.392	38.457	0	0
1

4257.791	39.170	1	0

4257.888	39.075	0	0

4257.988	39.049	0	0

4258.091	39.020	0	0

4258.197	38.988	0	0

4258.308	38.953	0	0

4258.424	38.914	0	0

4258.545	38.874	0	0

4258.673	38.831	0	0

4258.809	38.786	0	0

4258.954	38.740	0	0

4259.112	38.693	0	0

4259.284	38.645	0	0

4259.479	38.598	0	0

4259.706	38.552	0	0

4259.994	38.509	0	0

4260.470	38.462	0	0
1

4274.588	39.162	1	0

4274.686	39.071	0	0

4274.787	39.044	0	0

4274.891	39.013	0	0

4275.000	38.979	0	0

4275.112	38.943	0	0

4275.230	38.904	0	0

4275.354	38.861	0	0

4275.485	38.816	0	0

4275.625	38.769	0	0

4275.775	38.722	0	0

4275.939	38.674	0	0

4276.121	38.625	0	0

4276.331	38.576	0	0

4276.588	38.528	0	0

4276.950	38.483	0	0
1

4294.819	39.171	1	0

4294.916	39.076	0	0

4295.016	39.050	0	0

4295.118	39.021	0	0

4295.225	38.989	0	0

4295.335	38.954	0	0

4295.451	38.916	0	0

4295.572	38.876	0	0

4295.699	38.833	0	0

4295.834	38.789	0	0

4295.979	38.743	0	0

4296.135	38.696	0	0

4296.306	38.648	0	0

4296.499	38.601	0	0

4296.723	38.555	0	0

4297.002	38.512	0	0

4297.444	38.467	0	0
1

4311.435	39.162	1	0

4311.534	39.071	0	0

4311.634	39.044	0	0

4311.739	39.013	0	0

4311.847	38.979	0	0

4311.960	38.943	0	0

4312.077	38.904	0	0

4312.201	38.861	0	0

4312.332	38.817	0	0

4312.472	38.770	0	0

4312.622	38.722	0	0

4312.786	38.674	0	0

4312.967	38.626	0	0

4313.176	38.577	0	0

4313.431	38.530	0	0

4313.789	38.485	0	0
1

4331.895	39.171	1	0

4331.992	39.076	0	0

4332.091	39.051	0	0

4332.194	39.021	0	0

4332.300	38.989	0	0

4332.411	38.954	0	0

4332.526	38.916	0	0

4332.647	38.876	0	0

4332.774	38.834	0	0

4332.909	38.790	0	0

4333.053	38.743	0	0

4333.209	38.696	0	0

4333.381	38.649	0	0

4333.572	38.602	0	0

4333.795	38.556	0	0

4334.074	38.512	0	0

4334.509	38.469	0	0

4336.436	38.672	0	0

4336.607	38.660	0	0

4336.796	38.614	0	0

4337.012	38.568	0	0

4337.283	38.520	0	0

4337.698	38.474	0	0
1

4356.583	39.172	1	0

4356.680	39.076	0	0

4356.780	39.051	0	0

4356.882	39.022	0	0

4356.988	38.990	0	0

4357.099	38.955	0	0

4357.214	38.917	0	0

4357.335	38.877	0	0

4357.462	38.835	0	0

4357.596	38.791	0	0

4357.740	38.745	0	0

4357.895	38.698	0	0

4358.066	38.650	0	0

4358.257	38.603	0	0

4358.478	38.558	0	0

4358.752	38.514	0	0

4359.172	38.470	0	0

4360.919	38.578	0	0

4361.147	38.551	0	0

4361.435	38.507	0	0

4361.905	38.462	0	0
1

4376.344	39.158	1	0

4376.442	39.068	0	0

4376.544	39.039	0	0

4376.649	39.007	0	0

4376.758	38.972	0	0

4376.872	38.933	0	0

4376.991	38.893	0	0

4377.117	38.848	0	0

4377.252	38.798	0	0

4377.397	38.741	0	0

4377.561	38.669	0	0

4377.786	38.504	0	0
1

4393.768	39.171	1	0

4393.865	39.076	0	0

4393.965	39.050	0	0

4394.068	39.021	0	0

4394.174	38.988	0	0

4394.285	38.953	0	0

4394.400	38.916	0	0

4394.521	38.876	0	0

4394.649	38.833	0	0

4394.784	38.788	0	0

4394.929	38.742	0	0

4395.085	38.695	0	0

4395.257	38.647	0	0

4395.449	38.601	0	0

4395.674	38.555	0	0

4395.956	38.510	0	0

4396.401	38.467	0	0
1

4410.408	39.162	1	0

4410.506	39.071	0	0

4410.607	39.044	0	0

4410.711	39.014	0	0

4410.819	38.980	0	0

4410.931	38.943	0	0

4411.049	38.903	0	0

4411.173	38.861	0	0

4411.304	38.817	0	0

4411.444	38.771	0	0

4411.593	38.724	0	0

4411.757	38.674	0	0

4411.939	38.625	0	0

4412.149	38.577	0	0

4412.402	38.531	0	0

4412.761	38.484	0	0
1

4430.921	39.172	1	0

4431.018	39.076	0	0

4431.118	39.050	0	0

4431.221	39.021	0	0

4431.327	38.989	0	0

4431.438	38.954	0	0

4431.553	38.917	0	0

4431.674	38.876	0	0

4431.801	38.834	0	0

4431.936	38.789	0	0

4432.080	38.743	0	0

4432.236	38.696	0	0

4432.407	38.650	0	0

4432.599	38.602	0	0

4432.822	38.556	0	0

4433.101	38.512	0	0

4433.532	38.468	0	0

4435.386	38.645	0	0

4435.568	38.631	0	0

4435.772	38.584	0	0

4436.018	38.537	0	0

4436.351	38.493	0	0
1

4451.869	39.106	1	0

4451.978	38.981	0	0

4452.102	38.871	0	0

4452.233	38.826	0	0

4452.371	38.796	0	0

4452.531	38.743	0	0

4452.712	38.620	0	0

4452.906	38.610	0	0

4453.150	38.555	0	0

4453.429	38.532	0	0

4453.711	38.544	0	0

4453.949	38.551	0	0

4454.205	38.521	0	0

4454.541	38.484	0	0

4455.372	38.432	0	0
1

4468.804	39.167	1	0

4468.901	39.074	0	0

4469.002	39.048	0	0

4469.105	39.018	0	0

4469.212	38.985	0	0

4469.324	38.949	0	0

4469.441	38.910	0	0

4469.563	38.869	0	0

4469.692	38.825	0	0

4469.829	38.780	0	0

4469.977	38.734	0	0

4470.136	38.686	0	0

4470.312	38.638	0	0

4470.512	38.590	0	0

4470.749	38.545	0	0

4471.055	38.500	0	0

4471.681	38.449	0	0
1

4486.119	39.161	1	0

4486.217	39.070	0	0

4486.318	39.043	0	0

4486.423	39.012	0	0

4486.531	38.977	0	0

4486.644	38.940	0	0

4486.762	38.901	0	0

4486.886	38.860	0	0

4487.018	38.814	0	0

4487.158	38.767	0	0

4487.310	38.718	0	0

4487.475	38.668	0	0

4487.660	38.620	0	0

4487.873	38.570	0	0

4488.141	38.520	0	0

4488.563	38.469	0	0
1

4505.341	39.171	1	0

4505.439	39.075	0	0

4505.538	39.049	0	0

4505.641	39.020	0	0

4505.748	38.987	0	0

4505.859	38.952	0	0

4505.975	38.914	0	0

4506.096	38.874	0	0

4506.224	38.831	0	0

4506.360	38.786	0	0

4506.505	38.740	0	0

4506.662	38.692	0	0

4506.835	38.645	0	0

4507.029	38.598	0	0

4507.257	38.552	0	0

4507.546	38.508	0	0

4508.017	38.463	0	0
1

4522.141	39.163	1	0

4522.239	39.071	0	0

4522.340	39.044	0	0

4522.444	39.013	0	0

4522.552	38.979	0	0

4522.665	38.942	0	0

4522.783	38.903	0	0

4522.907	38.861	0	0

4523.038	38.817	0	0

4523.177	38.770	0	0

4523.327	38.722	0	0

4523.492	38.673	0	0

4523.674	38.625	0	0

4523.883	38.577	0	0

4524.139	38.529	0	0

4524.506	38.483	0	0
1

4542.396	39.171	1	0

4542.493	39.076	0	0

4542.593	39.050	0	0

4542.696	39.021	0	0

4542.802	38.989	0	0

4542.913	38.954	0	0

4543.028	38.916	0	0

4543.149	38.876	0	0

4543.276	38.833	0	0

4543.412	38.789	0	0

4543.556	38.743	0	0

4543.712	38.696	0	0

4543.883	38.649	0	0

4544.075	38.601	0	0

4544.300	38.555	0	0

4544.580	38.512	0	0

4545.019	38.467	0	0
1

4559.007	39.163	1	0

4559.105	39.071	0	0

4559.205	39.044	0	0

4559.310	39.013	0	0

4559.418	38.979	0	0

4559.531	38.942	0	0

4559.648	38.903	0	0

4559.772	38.862	0	0

4559.903	38.818	0	0

4560.042	38.771	0	0

4560.193	38.722	0	0

4560.356	38.674	0	0

4560.539	38.625	0	0

4560.747	38.578	0	0

4561.001	38.530	0	0

4561.362	38.485	0	0
1

4579.515	39.172	1	0

4579.612	39.076	0	0

4579.711	39.050	0	0

4579.814	39.021	0	0

4579.920	38.990	0	0

4580.031	38.954	0	0

4580.146	38.916	0	0

4580.267	38.876	0	0

4580.395	38.834	0	0

4580.530	38.789	0	0

4580.674	38.744	0	0

4580.829	38.696	0	0

4581.000	38.649	0	0

4581.192	38.602	0	0

4581.415	38.556	0	0

4581.693	38.512	0	0

4582.127	38.468	0	0

4584.037	38.665	0	0

4584.211	38.651	0	0

4584.404	38.605	0	0

4584.629	38.558	0	0

4584.912	38.512	0	0

4585.392	38.463	0	0
1

4604.207	39.172	1	0

4604.304	39.076	0	0

4604.403	39.050	0	0

4604.506	39.022	0	0

4604.612	38.990	0	0

4604.723	38.955	0	0

4604.838	38.917	0	0

4604.958	38.877	0	0

4605.085	38.835	0	0

4605.220	38.790	0	0

4605.364	38.744	0	0

4605.519	38.698	0	0

4605.689	38.650	0	0

4605.880	38.603	0	0

4606.102	38.557	0	0

4606.377	38.515	0	0

4606.797	38.470	0	0

4608.538	38.577	0	0

4608.768	38.551	0	0

4609.055	38.507	0	0

4609.536	38.462	0	0
1

4623.988	39.159	1	0

4624.087	39.068	0	0

4624.188	39.039	0	0

4624.293	39.007	0	0

4624.402	38.971	0	0

4624.516	38.932	0	0

4624.636	38.890	0	0

4624.763	38.846	0	0

4624.897	38.796	0	0

4625.044	38.736	0	0

4625.212	38.650	0	0

4625.690	38.429	0	0
1

4641.361	39.171	1	0

4641.458	39.076	0	0

4641.558	39.050	0	0

4641.661	39.021	0	0

4641.767	38.989	0	0

4641.878	38.953	0	0

4641.993	38.915	0	0

4642.115	38.875	0	0

4642.242	38.833	0	0

4642.377	38.789	0	0

4642.522	38.742	0	0

4642.678	38.695	0	0

4642.850	38.647	0	0

4643.043	38.600	0	0

4643.267	38.555	0	0

4643.550	38.511	0	0

4643.999	38.466	0	0
1

4658.016	39.162	1	0

4658.114	39.071	0	0

4658.215	39.044	0	0

4658.319	39.013	0	0

4658.427	38.980	0	0

4658.540	38.943	0	0

4658.657	38.903	0	0

4658.781	38.861	0	0

4658.912	38.816	0	0

4659.052	38.770	0	0

4659.202	38.723	0	0

4659.365	38.675	0	0

4659.547	38.625	0	0

4659.757	38.576	0	0

4660.012	38.531	0	0

4660.367	38.484	0	0
1

4678.488	39.172	1	0

4678.585	39.076	0	0

4678.684	39.050	0	0

4678.787	39.021	0	0

4678.894	38.989	0	0

4679.004	38.954	0	0

4679.120	38.916	0	0

4679.240	38.877	0	0

4679.368	38.834	0	0

4679.503	38.789	0	0

4679.647	38.743	0	0

4679.803	38.696	0	0

4679.974	38.649	0	0

4680.165	38.602	0	0

4680.389	38.556	0	0

4680.668	38.512	0	0

4681.099	38.468	0	0

4682.939	38.641	0	0

4683.123	38.625	0	0

4683.331	38.581	0	0

4683.580	38.533	0	0

4683.927	38.488	0	0
1

4699.391	39.127	1	0

4699.495	39.019	0	0

4699.611	38.920	0	0

4699.744	38.869	0	0

4699.890	38.809	0	0

4700.051	38.708	0	0

4700.219	38.665	0	0

4700.435	38.607	0	0

4700.690	38.538	0	0

4701.019	38.524	0	0

4701.307	38.542	0	0

4701.548	38.545	0	0

4701.813	38.515	0	0

4702.174	38.477	0	0

4704.506	38.515	0	0

4704.829	38.484	0	0

4705.434	38.442	0	0
1

4717.257	39.165	1	0

4717.355	39.073	0	0

4717.456	39.046	0	0

4717.559	39.016	0	0

4717.667	38.982	0	0

4717.779	38.947	0	0

4717.896	38.908	0	0

4718.019	38.866	0	0

4718.149	38.822	0	0

4718.288	38.776	0	0

4718.436	38.729	0	0

4718.597	38.682	0	0

4718.775	38.633	0	0

4718.979	38.585	0	0

4719.222	38.539	0	0

4719.545	38.495	0	0

4720.636	38.417	0	0
1

4735.068	39.157	1	0

4735.166	39.068	0	0

4735.268	39.040	0	0

4735.372	39.009	0	0

4735.481	38.975	0	0

4735.595	38.936	0	0

4735.714	38.895	0	0

4735.839	38.850	0	0

4735.973	38.802	0	0

4736.117	38.752	0	0

4736.273	38.701	0	0

4736.448	38.637	0	0

4736.675	38.523	0	0
1

4752.808	39.171	1	0

4752.905	39.076	0	0

4753.004	39.050	0	0

4753.107	39.021	0	0

4753.214	38.988	0	0

4753.325	38.953	0	0

4753.440	38.915	0	0

4753.561	38.874	0	0

4753.689	38.832	0	0

4753.825	38.788	0	0

4753.969	38.742	0	0

4754.126	38.694	0	0

4754.298	38.646	0	0

4754.492	38.599	0	0

4754.718	38.554	0	0

4755.002	38.509	0	0

4755.463	38.465	0	0
1

4769.529	39.162	1	0

4769.627	39.071	0	0

4769.728	39.044	0	0

4769.832	39.013	0	0

4769.940	38.980	0	0

4770.052	38.943	0	0

4770.170	38.903	0	0

4770.294	38.860	0	0

4770.425	38.816	0	0

4770.565	38.770	0	0

4770.715	38.724	0	0

4770.879	38.674	0	0

4771.061	38.624	0	0

4771.271	38.576	0	0

4771.526	38.531	0	0

4771.886	38.483	0	0
1

4789.878	39.172	1	0

4789.975	39.076	0	0

4790.075	39.050	0	0

4790.178	39.021	0	0

4790.284	38.989	0	0

4790.395	38.954	0	0

4790.510	38.916	0	0

4790.631	38.876	0	0

4790.758	38.834	0	0

4790.893	38.789	0	0

4791.038	38.743	0	0

4791.194	38.696	0	0

4791.365	38.648	0	0

4791.557	38.602	0	0

4791.780	38.556	0	0

4792.061	38.512	0	0

4792.496	38.468	0	0

4794.679	38.750	0	0

4794.826	38.745	0	0

4794.984	38.699	0	0

4795.158	38.649	0	0

4795.356	38.600	0	0

4795.589	38.553	0	0

4795.895	38.505	0	0

4796.578	38.444	0	0
1

4814.660	39.171	1	0

4814.757	39.076	0	0

4814.857	39.050	0	0

4814.959	39.021	0	0

4815.066	38.988	0	0

4815.177	38.953	0	0

4815.292	38.915	0	0

4815.413	38.875	0	0

4815.541	38.833	0	0

4815.676	38.788	0	0

4815.821	38.742	0	0

4815.977	38.694	0	0

4816.149	38.647	0	0

4816.342	38.600	0	0

4816.566	38.555	0	0

4816.849	38.510	0	0

4817.298	38.466	0	0
1

4831.315	39.162	1	0

4831.414	39.071	0	0

4831.514	39.044	0	0

4831.619	39.014	0	0

4831.727	38.980	0	0

4831.839	38.943	0	0

4831.957	38.903	0	0

4832.081	38.861	0	0

4832.212	38.816	0	0

4832.352	38.771	0	0

4832.501	38.724	0	0

4832.665	38.674	0	0

4832.847	38.625	0	0

4833.057	38.576	0	0

4833.310	38.531	0	0

4833.668	38.484	0	0
1

4851.832	39.171	1	0

4851.929	39.076	0	0

4852.028	39.050	0	0

4852.131	39.021	0	0

4852.237	38.989	0	0

4852.348	38.954	0	0

4852.463	38.917	0	0

4852.584	38.877	0	0

4852.711	38.834	0	0

4852.846	38.789	0	0

4852.991	38.743	0	0

4853.147	38.696	0	0

4853.317	38.650	0	0

4853.509	38.602	0	0

4853.733	38.556	0	0

4854.012	38.512	0	0

4854.441	38.468	0	0

4856.281	38.640	0	0

4856.465	38.623	0	0

4856.674	38.578	0	0

4856.927	38.531	0	0

4857.280	38.487	0	0

4859.523	38.603	0	0

4859.731	38.580	0	0

4859.983	38.528	0	0

4860.391	38.457	0	0
1

4876.790	39.170	1	0

4876.888	39.075	0	0

4876.987	39.049	0	0

4877.090	39.020	0	0

4877.197	38.987	0	0

4877.308	38.953	0	0

4877.424	38.915	0	0

4877.545	38.874	0	0

4877.673	38.831	0	0

4877.809	38.786	0	0

4877.954	38.740	0	0

4878.111	38.693	0	0

4878.284	38.645	0	0

4878.478	38.598	0	0

4878.706	38.552	0	0

4878.994	38.509	0	0

4879.470	38.462	0	0
1

4893.588	39.162	1	0

4893.686	39.071	0	0

4893.787	39.044	0	0

4893.891	39.013	0	0

4893.999	38.979	0	0

4894.112	38.942	0	0

4894.230	38.904	0	0

4894.354	38.861	0	0

4894.485	38.816	0	0

4894.624	38.769	0	0

4894.775	38.722	0	0

4894.939	38.674	0	0

4895.121	38.625	0	0

4895.331	38.576	0	0

4895.587	38.529	0	0

4895.949	38.483	0	0
1

4913.819	39.171	1	0

4913.916	39.076	0	0

4914.015	39.050	0	0

4914.118	39.021	0	0

4914.224	38.989	0	0

4914.335	38.954	0	0

4914.450	38.916	0	0

4914.571	38.876	0	0

4914.699	38.833	0	0

4914.834	38.789	0	0

4914.978	38.743	0	0

4915.134	38.696	0	0

4915.306	38.648	0	0

4915.498	38.601	0	0

4915.722	38.555	0	0

4916.002	38.512	0	0

4916.444	38.467	0	0
1

4930.435	39.162	1	0

4930.533	39.071	0	0

4930.634	39.044	0	0

4930.738	39.013	0	0

4930.847	38.979	0	0

4930.959	38.943	0	0

4931.077	38.904	0	0

4931.201	38.862	0	0

4931.332	38.817	0	0

4931.471	38.770	0	0

4931.622	38.722	0	0

4931.785	38.674	0	0

4931.967	38.626	0	0

4932.176	38.577	0	0

4932.431	38.530	0	0

4932.788	38.485	0	0
1

4950.894	39.172	1	0

4950.991	39.076	0	0

4951.091	39.051	0	0

4951.193	39.021	0	0

4951.300	38.989	0	0

4951.410	38.954	0	0

4951.526	38.916	0	0

4951.647	38.876	0	0

4951.774	38.834	0	0

4951.909	38.790	0	0

4952.053	38.744	0	0

4952.209	38.696	0	0

4952.380	38.648	0	0

4952.572	38.602	0	0

4952.795	38.557	0	0

4953.074	38.512	0	0

4953.508	38.469	0	0

4955.436	38.672	0	0

4955.607	38.660	0	0

4955.795	38.614	0	0

4956.012	38.567	0	0

4956.283	38.520	0	0

4956.697	38.474	0	0
1

4975.583	39.172	1	0

4975.680	39.076	0	0

4975.779	39.050	0	0

4975.882	39.022	0	0

4975.988	38.990	0	0

4976.098	38.955	0	0

4976.214	38.917	0	0

4976.334	38.877	0	0

4976.461	38.835	0	0

4976.596	38.791	0	0

4976.740	38.745	0	0

4976.895	38.698	0	0

4977.065	38.650	0	0

4977.256	38.603	0	0

4977.478	38.558	0	0

4977.752	38.514	0	0

4978.172	38.470	0	0

4979.919	38.578	0	0

4980.147	38.551	0	0

4980.434	38.507	0	0

4980.905	38.462	0	0
1

4995.343	39.158	1	0

4995.442	39.068	0	0

4995.543	39.039	0	0

4995.648	39.007	0	0

4995.758	38.972	0	0

4995.872	38.933	0	0

4995.991	38.892	0	0

4996.117	38.848	0	0

4996.251	38.798	0	0

4996.397	38.741	0	0

4996.560	38.669	0	0

4996.785	38.503	0	0
